1 0.190625 0.43583333333333335 0.13625 0.2625
1 0.225 0.8283333333333334 0.15125 0.25583333333333336
1 0.635625 0.8008333333333333 0.248125 0.30333333333333334
6 0.546875 0.32166666666666666 0.119375 0.2475
6 0.513125 0.4791666666666667 0.176875 0.20333333333333334
6 0.5375 0.5825 0.150625 0.2966666666666667
6 0.7175 0.4116666666666667 0.145625 0.21166666666666667
6 0.68625 0.3566666666666667 0.084375 0.20916666666666667
6 0.71875 0.6275 0.163125 0.32083333333333336
6 0.588125 0.6283333333333333 0.119375 0.31583333333333335
7 0.800625 0.6258333333333334 0.11125 0.37416666666666665
10 0.119375 0.7616666666666667 0.16 0.2675
10 0.35625 0.9166666666666666 0.2825 0.16333333333333333
10 0.426875 0.31 0.153125 0.13333333333333333
0 0.625625 0.5083333333333333 0.144375 0.245