10 0.06375 0.8483333333333334 0.09125 0.28
9 0.574375 0.6258333333333334 0.20625 0.395
7 0.134375 0.35583333333333333 0.14625 0.25833333333333336
7 0.1025 0.9416666666666667 0.13 0.11666666666666667
7 0.699375 0.825 0.29625 0.3283333333333333
7 0.875625 0.8558333333333333 0.21625 0.19166666666666668
7 0.72 0.27166666666666667 0.10125 0.295
7 0.525 0.275 0.13125 0.24166666666666667
7 0.2825 0.4008333333333333 0.17875 0.305
6 0.491875 0.5066666666666667 0.25 0.24666666666666667
6 0.661875 0.31583333333333335 0.095 0.23166666666666666
0 0.610625 0.4583333333333333 0.18 0.245
1 0.290625 0.32 0.16125 0.12833333333333333
1 0.138125 0.7916666666666666 0.1675 0.3883333333333333
4 0.475625 0.2825 0.1025 0.21166666666666667
3 0.661875 0.6041666666666666 0.13875 0.39