4 0.524375 0.4041666666666667 0.19125 0.28
7 0.128125 0.8858333333333334 0.17625 0.22833333333333333
7 0.373125 0.5358333333333334 0.1775 0.3433333333333333
7 0.546875 0.24916666666666668 0.2075 0.23333333333333334
7 0.7775 0.22 0.115 0.24
7 0.624375 0.5791666666666667 0.31625 0.3383333333333333
7 0.76 0.5633333333333334 0.27 0.3883333333333333
7 0.870625 0.6183333333333333 0.1775 0.5183333333333333
7 0.545 0.8508333333333333 0.295 0.29833333333333334
10 0.415 0.37166666666666665 0.2375 0.21333333333333335
10 0.42375 0.2816666666666667 0.14375 0.115
10 0.286875 0.33666666666666667 0.1825 0.17666666666666667
10 0.205 0.4608333333333333 0.17375 0.29833333333333334
10 0.238125 0.6158333333333333 0.20125 0.225
10 0.79875 0.88 0.255 0.15166666666666667
10 0.92375 0.6441666666666667 0.1525 0.43833333333333335
0 0.690625 0.4716666666666667 0.21125 0.2866666666666667