10 0.6225 0.3525 0.1375 0.15666666666666668
10 0.201875 0.5616666666666666 0.135 0.35333333333333333
10 0.463125 0.8441666666666666 0.24875 0.31166666666666665
9 0.48 0.5358333333333334 0.1975 0.2966666666666667
9 0.33375 0.365 0.0925 0.205
10 0.276875 0.41583333333333333 0.10125 0.24166666666666667
3 0.48375 0.395 0.16125 0.20833333333333334
3 0.285625 0.56 0.16875 0.30833333333333335
1 0.76 0.37333333333333335 0.1625 0.17333333333333334
1 0.79875 0.5783333333333334 0.20875 0.25166666666666665
7 0.805 0.8391666666666666 0.175 0.32166666666666666
1 0.833125 0.8525 0.17625 0.295
1 0.223125 0.8566666666666667 0.26625 0.23
0 0.381875 0.4975 0.18 0.26666666666666666