0 0.581875 0.5183333333333333 0.205 0.29833333333333334
1 0.41125 0.7633333333333333 0.235 0.47333333333333333
1 0.5425 0.955 0.2525 0.09
1 0.150625 0.9608333333333333 0.20375 0.07833333333333334
1 0.16 0.8933333333333333 0.2525 0.21333333333333335
1 0.0975 0.7358333333333333 0.1875 0.36333333333333334
1 0.14 0.4125 0.175 0.21833333333333332
1 0.349375 0.3258333333333333 0.22375 0.175
6 0.439375 0.44416666666666665 0.25625 0.2866666666666667
6 0.533125 0.35083333333333333 0.09875 0.22166666666666668
9 0.67 0.37666666666666665 0.1525 0.17833333333333334
9 0.695625 0.62 0.1975 0.4
9 0.545 0.6808333333333333 0.20125 0.3933333333333333
9 0.49 0.3466666666666667 0.0975 0.18166666666666667
10 0.290625 0.6225 0.1375 0.385
10 0.680625 0.895 0.17625 0.17666666666666667
10 0.780625 0.8541666666666666 0.26875 0.23166666666666666