4 0.38625 0.6591666666666667 0.1275 0.40166666666666667
0 0.3775 0.5133333333333333 0.1575 0.22333333333333333
1 0.625625 0.3125 0.1825 0.135
7 0.5375 0.42083333333333334 0.21625 0.19666666666666666
1 0.4625 0.37833333333333335 0.11875 0.2
9 0.26625 0.6016666666666667 0.1575 0.2783333333333333
1 0.2325 0.5133333333333333 0.11 0.2733333333333333
1 0.8 0.575 0.20125 0.22666666666666666
4 0.32125 0.6908333333333333 0.1325 0.38333333333333336
7 0.875625 0.7366666666666667 0.1775 0.3233333333333333
9 0.294375 0.4058333333333333 0.115 0.2
9 0.4775 0.63 0.17125 0.31833333333333336
10 0.88125 0.9116666666666666 0.17125 0.11
10 0.7225 0.9491666666666667 0.175 0.1
10 0.383125 0.985 0.2225 0.03
10 0.575625 0.8133333333333334 0.1725 0.37333333333333335