9 0.6975 0.37583333333333335 0.110625 0.14833333333333334
10 0.729375 0.6458333333333334 0.1825 0.28
9 0.726875 0.5383333333333333 0.16375 0.24166666666666667
7 0.17875 0.685 0.140625 0.2633333333333333
7 0.566875 0.3491666666666667 0.085 0.1525
6 0.523125 0.4691666666666667 0.1575 0.15916666666666668
6 0.548125 0.62 0.131875 0.33416666666666667
4 0.47125 0.5858333333333333 0.153125 0.32166666666666666
1 0.38625 0.31583333333333335 0.16625 0.1325
1 0.3825 0.455 0.139375 0.21916666666666668
1 0.135625 0.7883333333333333 0.15125 0.2916666666666667
1 0.290625 0.9158333333333334 0.22875 0.1675
1 0.739375 0.9266666666666666 0.23 0.14583333333333334
0 0.6275 0.515 0.145625 0.24166666666666667
10 0.180625 0.5216666666666666 0.095 0.22166666666666668