0 0.36875 0.4925 0.18 0.265
1 0.453125 0.3125 0.15375 0.15333333333333332
1 0.2375 0.4691666666666667 0.15 0.335
1 0.33125 0.6433333333333333 0.18 0.3466666666666667
1 0.27625 0.8191666666666667 0.2 0.325
1 0.27625 0.9025 0.22625 0.16666666666666666
1 0.581875 0.9033333333333333 0.23875 0.19333333333333333
1 0.60625 0.6158333333333333 0.17375 0.36
1 0.728125 0.345 0.1525 0.17666666666666667
1 0.616875 0.36833333333333335 0.14125 0.22333333333333333
1 0.811875 0.4375 0.1425 0.31833333333333336
1 0.844375 0.7566666666666667 0.16 0.37833333333333335
6 0.5025 0.4375 0.24125 0.25333333333333335
10 0.4375 0.6566666666666666 0.15875 0.4266666666666667
10 0.251875 0.5616666666666666 0.1025 0.3416666666666667
4 0.193125 0.7633333333333333 0.18375 0.32666666666666666