7 0.63 0.22583333333333333 0.21 0.27
7 0.18125 0.7641666666666667 0.33875 0.38166666666666665
6 0.54625 0.315 0.2725 0.345
6 0.54125 0.48333333333333334 0.3175 0.38166666666666665
4 0.290625 0.345 0.18125 0.31833333333333336
1 0.4325 0.7091666666666666 0.38125 0.45
1 0.823125 0.5616666666666666 0.25375 0.4166666666666667
0 0.39375 0.4766666666666667 0.19 0.28833333333333333
10 0.758125 0.33916666666666667 0.22375 0.18333333333333332
10 0.599375 0.9416666666666667 0.29625 0.11666666666666667
10 0.78375 0.8291666666666667 0.2875 0.3416666666666667
9 0.254375 0.5833333333333334 0.265 0.4666666666666667