0 0.615 0.5008333333333334 0.156875 0.22833333333333333
1 0.34125 0.42916666666666664 0.191875 0.12833333333333333
1 0.585625 0.6725 0.144375 0.3283333333333333
1 0.73625 0.6141666666666666 0.100625 0.3333333333333333
1 0.70875 0.3383333333333333 0.08125 0.12083333333333333
4 0.318125 0.285 0.12 0.21583333333333332
7 0.571875 0.295 0.081875 0.16583333333333333
7 0.2425 0.5058333333333334 0.11875 0.3225
6 0.676875 0.6425 0.089375 0.37666666666666665
9 0.5125 0.42333333333333334 0.170625 0.11916666666666667
10 0.151875 0.5 0.1025 0.2425
10 0.10625 0.7841666666666667 0.14625 0.21166666666666667
10 0.745 0.4425 0.08375 0.20583333333333334
1 0.798125 0.7983333333333333 0.1225 0.39166666666666666
1 0.185 0.9141666666666667 0.19125 0.11583333333333333
1 0.4925 0.2991666666666667 0.174375 0.11166666666666666