3 0.69875 0.455 0.2 0.23666666666666666
3 0.495625 0.3566666666666667 0.165 0.16833333333333333
6 0.665 0.3 0.1075 0.22333333333333333
6 0.55125 0.5875 0.11625 0.37833333333333335
10 0.67125 0.7516666666666667 0.12 0.3566666666666667
10 0.22875 0.3075 0.1675 0.16666666666666666
10 0.19875 0.5325 0.1175 0.2966666666666667
10 0.365 0.3016666666666667 0.17875 0.17666666666666667
0 0.605 0.48333333333333334 0.17875 0.27166666666666667
1 0.764375 0.6908333333333333 0.225 0.4033333333333333
1 0.573125 0.9266666666666666 0.25125 0.14666666666666667
1 0.520625 0.28583333333333333 0.11875 0.145
1 0.43625 0.49833333333333335 0.215 0.20833333333333334
1 0.461875 0.6341666666666667 0.18375 0.375
1 0.149375 0.4166666666666667 0.135 0.25833333333333336
1 0.096875 0.6566666666666666 0.14625 0.3233333333333333