0 0.64 0.5291666666666667 0.14625 0.245
1 0.1025 0.7216666666666667 0.13125 0.38
4 0.745625 0.5858333333333333 0.16125 0.24833333333333332
6 0.6225 0.63 0.0925 0.36333333333333334
6 0.531875 0.5883333333333334 0.1975 0.30333333333333334
6 0.733125 0.4075 0.105 0.25666666666666665
7 0.52125 0.4275 0.18875 0.23333333333333334
7 0.644375 0.3525 0.18125 0.195
7 0.539375 0.24833333333333332 0.1325 0.15
7 0.325 0.37666666666666665 0.1075 0.245
7 0.276875 0.29083333333333333 0.18875 0.23166666666666666
10 0.450625 0.2975 0.14375 0.09666666666666666
10 0.389375 0.9716666666666667 0.17125 0.055
10 0.735 0.96 0.215 0.08