1 0.48625 0.3308333333333333 0.19 0.20333333333333334
7 0.36375 0.48333333333333334 0.22875 0.25333333333333335
1 0.360625 0.4025 0.2475 0.19333333333333333
1 0.32625 0.33666666666666667 0.18625 0.16
1 0.21375 0.45 0.12875 0.22333333333333333
1 0.141875 0.845 0.18375 0.31
1 0.280625 0.9075 0.25125 0.185
1 0.791875 0.645 0.2025 0.44166666666666665
4 0.711875 0.43833333333333335 0.1625 0.25166666666666665
0 0.614375 0.49166666666666664 0.1875 0.275
10 0.713125 0.6433333333333333 0.26125 0.375
10 0.39 0.7225 0.16625 0.37666666666666665
10 0.23875 0.7108333333333333 0.1325 0.36
10 0.68125 0.31416666666666665 0.07625 0.13
9 0.544375 0.6333333333333333 0.21 0.405