7 0.96625 0.7283333333333334 0.0675 0.43666666666666665
10 0.7175 0.775 0.1625 0.42333333333333334
10 0.733125 0.5483333333333333 0.225 0.225
10 0.78 0.3933333333333333 0.15375 0.235
10 0.875 0.36916666666666664 0.12375 0.28
10 0.578125 0.28583333333333333 0.205 0.15666666666666668
10 0.31125 0.44916666666666666 0.11875 0.2816666666666667
10 0.285625 0.7683333333333333 0.24625 0.385
10 0.246875 0.9683333333333334 0.19875 0.06333333333333334
10 0.4225 0.9616666666666667 0.2075 0.07666666666666666
10 0.55625 0.855 0.28 0.18333333333333332
10 0.498125 0.7258333333333333 0.28125 0.17666666666666667
4 0.59 0.5008333333333334 0.255 0.35
1 0.74 0.9025 0.29375 0.17666666666666667
1 0.4975 0.3616666666666667 0.16625 0.25833333333333336
1 0.2625 0.5358333333333334 0.14375 0.36833333333333335
0 0.410625 0.5466666666666666 0.18875 0.28