1 0.35625 0.73 0.2 0.42333333333333334
1 0.0775 0.7683333333333333 0.155 0.3466666666666667
3 0.179375 0.4375 0.1925 0.23333333333333334
4 0.195625 0.26666666666666666 0.11875 0.21833333333333332
6 0.4075 0.2975 0.1725 0.25666666666666665
6 0.416875 0.5183333333333333 0.245 0.32666666666666666
6 0.191875 0.5983333333333334 0.17125 0.44
7 0.736875 0.9058333333333334 0.27375 0.18833333333333332
7 0.469375 0.26166666666666666 0.1475 0.24333333333333335
7 0.4575 0.14583333333333334 0.155 0.18333333333333332
9 0.454375 0.4575 0.2425 0.27666666666666667
9 0.265 0.6125 0.1375 0.455
10 0.421875 0.8666666666666667 0.32625 0.26666666666666666
10 0.87 0.8383333333333334 0.1725 0.3233333333333333
0 0.305625 0.445 0.1725 0.275