6 0.501875 0.3925 0.19 0.26
6 0.451875 0.3225 0.10125 0.275
6 0.499375 0.5541666666666667 0.2425 0.27
6 0.27875 0.5625 0.18875 0.30833333333333335
1 0.82125 0.44416666666666665 0.13375 0.215
1 0.83875 0.6608333333333334 0.1225 0.26166666666666666
1 0.75375 0.7858333333333334 0.245 0.35333333333333333
1 0.775 0.9091666666666667 0.2325 0.18166666666666667
1 0.564375 0.31916666666666665 0.195 0.14666666666666667
0 0.386875 0.5058333333333334 0.175 0.2733333333333333
10 0.30125 0.8341666666666666 0.305 0.275
10 0.71 0.3375 0.145 0.12
10 0.620625 0.4191666666666667 0.17 0.19
9 0.3225 0.37583333333333335 0.1325 0.16833333333333333
10 0.248125 0.485 0.135 0.28833333333333333
9 0.405 0.6433333333333333 0.1775 0.385