10 0.87875 0.8683333333333333 0.1425 0.2633333333333333
10 0.059375 0.815 0.1175 0.335
0 0.698125 0.5558333333333333 0.19625 0.29
1 0.37375 0.30916666666666665 0.20375 0.18666666666666668
1 0.2475 0.43916666666666665 0.2225 0.30666666666666664
1 0.57875 0.39166666666666666 0.21125 0.25666666666666665
1 0.835 0.4066666666666667 0.09875 0.23333333333333334
1 0.795 0.775 0.26125 0.36666666666666664
1 0.63375 0.7525 0.2325 0.38
1 0.574375 0.8791666666666667 0.29875 0.24166666666666667
1 0.471875 0.5183333333333333 0.24625 0.215
1 0.380625 0.7708333333333334 0.21625 0.4583333333333333
1 0.211875 0.8141666666666667 0.22375 0.355
1 0.304375 0.9541666666666667 0.27125 0.085
3 0.8225 0.5258333333333334 0.18875 0.26666666666666666