10 0.775 0.8233333333333334 0.11375 0.30666666666666664
10 0.75125 0.96 0.21125 0.08
10 0.08375 0.7666666666666667 0.09125 0.285
0 0.615625 0.52 0.15875 0.2375
1 0.336875 0.325 0.1675 0.15083333333333335
1 0.23375 0.43916666666666665 0.180625 0.25083333333333335
1 0.510625 0.38666666666666666 0.171875 0.20833333333333334
1 0.7275 0.38916666666666666 0.078125 0.19416666666666665
1 0.70125 0.7 0.211875 0.2991666666666667
1 0.565625 0.6875 0.1875 0.31166666666666665
1 0.5175 0.85 0.2475 0.3
1 0.424375 0.4975 0.2025 0.17166666666666666
1 0.35375 0.7166666666666667 0.1725 0.38083333333333336
1 0.2125 0.775 0.180625 0.325
1 0.293125 0.9191666666666667 0.226875 0.15666666666666668
3 0.719375 0.49 0.15375 0.2175