3 0.755625 0.5758333333333333 0.19 0.25
4 0.531875 0.39166666666666666 0.145 0.21666666666666667
0 0.636875 0.5433333333333333 0.1825 0.26
1 0.4525 0.5308333333333334 0.21125 0.24166666666666667
1 0.266875 0.49666666666666665 0.195 0.275
1 0.239375 0.2833333333333333 0.1875 0.18833333333333332
1 0.12125 0.49583333333333335 0.1575 0.31333333333333335
1 0.075625 0.7783333333333333 0.15125 0.33
1 0.249375 0.8058333333333333 0.28 0.36666666666666664
1 0.666875 0.975 0.25375 0.05
1 0.535625 0.3416666666666667 0.19 0.2
9 0.536875 0.6783333333333333 0.2075 0.4266666666666667
1 0.7475 0.4141666666666667 0.1275 0.14333333333333334
10 0.69375 0.7341666666666666 0.26375 0.31
10 0.824375 0.8408333333333333 0.17375 0.31833333333333336
1 0.3825 0.30416666666666664 0.17375 0.155