0 0.345625 0.5308333333333334 0.20125 0.30666666666666664
4 0.849375 0.41833333333333333 0.1425 0.32
6 0.463125 0.3725 0.19125 0.29
7 0.48875 0.2891666666666667 0.1925 0.215
7 0.563125 0.4575 0.21875 0.365
7 0.40125 0.6625 0.29375 0.37
7 0.63375 0.6266666666666667 0.19375 0.42333333333333334
10 0.77125 0.345 0.15375 0.15166666666666667
10 0.6375 0.3258333333333333 0.1625 0.14666666666666667
10 0.2275 0.35083333333333333 0.14 0.22666666666666666
10 0.12875 0.7316666666666667 0.14125 0.41
10 0.1825 0.605 0.125 0.4666666666666667
10 0.245 0.5925 0.13625 0.38