10 0.40125 0.31083333333333335 0.205 0.13833333333333334
10 0.594375 0.31916666666666665 0.11375 0.12666666666666668
10 0.76 0.37416666666666665 0.10875 0.18833333333333332
10 0.820625 0.5716666666666667 0.15875 0.3883333333333333
10 0.898125 0.8541666666666666 0.11875 0.26
10 0.76375 0.7791666666666667 0.21875 0.4266666666666667
10 0.591875 0.72 0.20125 0.40166666666666667
10 0.3925 0.6591666666666667 0.26625 0.185
10 0.26375 0.7916666666666666 0.26125 0.20833333333333334
10 0.448125 0.9283333333333333 0.26625 0.14333333333333334
10 0.309375 0.9033333333333333 0.16625 0.19333333333333333
0 0.659375 0.5741666666666667 0.1925 0.285
1 0.163125 0.9041666666666667 0.16125 0.19166666666666668
4 0.44125 0.515 0.2125 0.21
10 0.065625 0.9841666666666666 0.10875 0.03166666666666667