3 0.530625 0.5391666666666667 0.126875 0.31416666666666665
7 0.375 0.385 0.10875 0.3458333333333333
7 0.77375 0.4725 0.111875 0.335
10 0.683125 0.7366666666666667 0.215 0.15083333333333335
10 0.46875 0.4083333333333333 0.111875 0.20666666666666667
10 0.694375 0.39916666666666667 0.11375 0.12083333333333333
10 0.170625 0.44166666666666665 0.1025 0.24333333333333335
10 0.101875 0.6783333333333333 0.10375 0.32083333333333336
9 0.558125 0.385 0.099375 0.21083333333333334
1 0.701875 0.605 0.23125 0.21666666666666667
1 0.7775 0.8483333333333334 0.145625 0.28
1 0.525 0.93 0.2675 0.14
1 0.485 0.8 0.266875 0.24666666666666667
1 0.398125 0.6958333333333333 0.190625 0.31416666666666665
1 0.29 0.9025 0.25375 0.195
4 0.100625 0.8525 0.13 0.16583333333333333
0 0.62 0.515 0.146875 0.235