7 0.55625 0.3408333333333333 0.1025 0.2866666666666667
3 0.74625 0.5125 0.1525 0.265
1 0.458125 0.37666666666666665 0.18875 0.24666666666666667
1 0.3775 0.32916666666666666 0.19625 0.15833333333333333
1 0.209375 0.49333333333333335 0.1725 0.24
1 0.36875 0.6108333333333333 0.23125 0.31833333333333336
1 0.48375 0.6416666666666667 0.22625 0.37833333333333335
1 0.68875 0.8675 0.30875 0.2633333333333333
1 0.31625 0.8425 0.275 0.315
1 0.153125 0.6833333333333333 0.13375 0.3983333333333333
0 0.643125 0.5583333333333333 0.17875 0.2683333333333333
10 0.571875 0.8983333333333333 0.27375 0.20333333333333334
10 0.86375 0.8116666666666666 0.15 0.36333333333333334
10 0.07125 0.8591666666666666 0.0975 0.2816666666666667
10 0.75625 0.31166666666666665 0.06125 0.10833333333333334