0 0.400625 0.4575 0.20625 0.29833333333333334
1 0.503125 0.2758333333333333 0.17 0.17833333333333334
1 0.263125 0.41583333333333333 0.18 0.36833333333333335
1 0.350625 0.6125 0.21375 0.385
1 0.280625 0.79 0.23125 0.36
1 0.275 0.8791666666666667 0.24625 0.19833333333333333
1 0.598125 0.9025 0.26375 0.195
1 0.645 0.6166666666666667 0.2075 0.39666666666666667
1 0.7925 0.3441666666666667 0.1725 0.20333333333333334
1 0.6725 0.35583333333333333 0.1625 0.25
1 0.874375 0.4533333333333333 0.17 0.35
1 0.886875 0.795 0.19375 0.41
6 0.546875 0.415 0.27 0.29333333333333333
10 0.4625 0.64 0.19625 0.465
10 0.2725 0.5158333333333334 0.13 0.36833333333333335
4 0.195625 0.7225 0.21375 0.36333333333333334