10 0.7675 0.55 0.101875 0.3283333333333333
10 0.56125 0.6516666666666666 0.19625 0.32
10 0.540625 0.39166666666666666 0.141875 0.2325
10 0.714375 0.32416666666666666 0.07875 0.1125
10 0.48625 0.31583333333333335 0.16625 0.13416666666666666
10 0.289375 0.305 0.1225 0.12833333333333333
10 0.311875 0.4891666666666667 0.114375 0.2775
10 0.194375 0.37583333333333335 0.084375 0.1975
4 0.4075 0.275 0.155625 0.13833333333333334
1 0.135625 0.6133333333333333 0.1325 0.28
1 0.129375 0.7841666666666667 0.181875 0.24583333333333332
1 0.421875 0.74 0.238125 0.285
1 0.723125 0.8958333333333334 0.23625 0.20833333333333334
1 0.69125 0.6916666666666667 0.116875 0.30333333333333334
0 0.61875 0.5191666666666667 0.155 0.24083333333333334