4 0.228125 0.7883333333333333 0.15625 0.42333333333333334
6 0.48875 0.3983333333333333 0.215 0.28833333333333333
4 0.4675 0.29 0.09875 0.22166666666666668
6 0.301875 0.68 0.17875 0.37833333333333335
4 0.27375 0.5883333333333334 0.16375 0.285
9 0.424375 0.36333333333333334 0.09125 0.2
6 0.265625 0.4608333333333333 0.145 0.23
6 0.283125 0.39666666666666667 0.145 0.21
6 0.4025 0.6833333333333333 0.135 0.39166666666666666
9 0.499375 0.6041666666666666 0.21625 0.3
0 0.389375 0.54 0.175 0.26
1 0.751875 0.4025 0.1925 0.23
1 0.85125 0.5341666666666667 0.13125 0.295
1 0.661875 0.7116666666666667 0.25 0.33666666666666667
1 0.46875 0.9475 0.2475 0.105
1 0.9325 0.7116666666666667 0.135 0.31333333333333335