4 0.50875 0.41583333333333333 0.17625 0.25833333333333336
7 0.048125 0.665 0.09625 0.29
7 0.341875 0.4508333333333333 0.16 0.31833333333333336
7 0.573125 0.29333333333333333 0.19125 0.21333333333333335
7 0.77875 0.3858333333333333 0.1025 0.22333333333333333
7 0.545 0.6158333333333333 0.2925 0.30833333333333335
7 0.665625 0.6716666666666666 0.2475 0.35833333333333334
7 0.744375 0.7658333333333334 0.15625 0.4683333333333333
7 0.39125 0.8358333333333333 0.2775 0.3283333333333333
10 0.42375 0.3308333333333333 0.22 0.19333333333333333
10 0.456875 0.25833333333333336 0.135 0.10333333333333333
10 0.324375 0.23583333333333334 0.16875 0.16
10 0.2175 0.3 0.1575 0.27666666666666667
10 0.201875 0.45 0.18625 0.205
10 0.605 0.9483333333333334 0.245 0.10333333333333333
10 0.794375 0.8125 0.15625 0.375
0 0.6325 0.5583333333333333 0.19375 0.2633333333333333