7 0.5375 0.6975 0.165625 0.38083333333333336
6 0.56875 0.3175 0.081875 0.2475
9 0.498125 0.5841666666666666 0.22625 0.26
3 0.509375 0.45916666666666667 0.1875 0.1525
9 0.711875 0.64 0.1575 0.3616666666666667
3 0.713125 0.49166666666666664 0.163125 0.18666666666666668
9 0.596875 0.6616666666666666 0.110625 0.38666666666666666
9 0.713125 0.42833333333333334 0.123125 0.09666666666666666
4 0.649375 0.7575 0.124375 0.42583333333333334
4 0.756875 0.5966666666666667 0.144375 0.3641666666666667
10 0.525 0.2758333333333333 0.074375 0.1
1 0.415 0.31 0.171875 0.14083333333333334
1 0.38 0.40166666666666667 0.15125 0.21416666666666667
1 0.12 0.7075 0.1475 0.3375
1 0.370625 0.9325 0.221875 0.135