0 0.364375 0.47833333333333333 0.20125 0.2916666666666667
1 0.255 0.32 0.12875 0.27166666666666667
1 0.360625 0.33666666666666667 0.20125 0.225
6 0.49 0.455 0.255 0.27166666666666667
1 0.515625 0.4633333333333333 0.23 0.35
1 0.56125 0.36833333333333335 0.2075 0.25
1 0.689375 0.37583333333333335 0.195 0.22166666666666668
4 0.76125 0.39416666666666667 0.1325 0.17166666666666666
1 0.779375 0.35083333333333333 0.14875 0.145
1 0.735625 0.5791666666666667 0.18375 0.3233333333333333
1 0.898125 0.8658333333333333 0.13875 0.2683333333333333
7 0.205625 0.8266666666666667 0.2575 0.27
7 0.80125 0.9716666666666667 0.195 0.056666666666666664
10 0.85 0.4841666666666667 0.13375 0.27
10 0.47625 0.25583333333333336 0.115 0.11833333333333333
10 0.193125 0.5575 0.19 0.385