1 0.17375 0.495 0.16625 0.2916666666666667
1 0.24875 0.87 0.18 0.26
1 0.6625 0.78 0.28375 0.35333333333333333
6 0.521875 0.31166666666666665 0.1475 0.2733333333333333
6 0.50375 0.47833333333333333 0.2 0.23833333333333334
6 0.54 0.5775 0.18375 0.3283333333333333
6 0.704375 0.37083333333333335 0.17 0.24166666666666667
6 0.66625 0.32166666666666666 0.1075 0.22666666666666666
6 0.728125 0.5883333333333334 0.2 0.355
6 0.59625 0.6141666666666666 0.15375 0.3416666666666667
7 0.810625 0.5716666666666667 0.1525 0.3983333333333333
10 0.13625 0.8383333333333334 0.19 0.3016666666666667
10 0.390625 0.9191666666666667 0.30125 0.16166666666666665
10 0.399375 0.3225 0.17 0.16333333333333333
0 0.62125 0.48583333333333334 0.1725 0.275