10 0.27125 0.82 0.123125 0.30583333333333335
10 0.4675 0.8608333333333333 0.205625 0.2783333333333333
10 0.7175 0.4375 0.121875 0.13666666666666666
10 0.585625 0.6916666666666667 0.200625 0.275
9 0.5275 0.615 0.1875 0.27166666666666667
9 0.495625 0.4775 0.200625 0.12833333333333333
9 0.52 0.4075 0.18 0.12166666666666667
0 0.614375 0.5133333333333333 0.16125 0.22416666666666665
1 0.40625 0.3125 0.1675 0.13083333333333333
1 0.523125 0.33916666666666667 0.16 0.11833333333333333
1 0.56 0.29583333333333334 0.07875 0.085
1 0.79375 0.935 0.13625 0.13
1 0.333125 0.5725 0.160625 0.30333333333333334
1 0.21125 0.4925 0.11125 0.2816666666666667
1 0.120625 0.7108333333333333 0.14 0.37416666666666665
4 0.7525 0.6341666666666667 0.140625 0.2783333333333333