0 0.30625 0.4691666666666667 0.215 0.31666666666666665
1 0.5175 0.30083333333333334 0.2425 0.205
1 0.74625 0.4741666666666667 0.17875 0.2816666666666667
1 0.63875 0.5808333333333333 0.28 0.3333333333333333
1 0.496875 0.6158333333333333 0.30875 0.41833333333333333
1 0.789375 0.7958333333333333 0.20625 0.385
1 0.088125 0.6991666666666667 0.17625 0.375
7 0.30375 0.8066666666666666 0.375 0.37666666666666665
1 0.6175 0.9683333333333334 0.3125 0.06333333333333334
1 0.24875 0.6725 0.2325 0.49166666666666664
9 0.435625 0.425 0.22625 0.25166666666666665
9 0.35625 0.6308333333333334 0.2025 0.405
9 0.174375 0.4925 0.22125 0.39
6 0.238125 0.2575 0.16875 0.28