0 0.413125 0.5091666666666667 0.16 0.26
0 0.415625 0.5083333333333333 0.1525 0.26
4 0.824375 0.2325 0.1175 0.17
4 0.9725 0.78 0.055 0.285
4 0.2775 0.2916666666666667 0.09 0.16
6 0.291875 0.4266666666666667 0.1575 0.235
6 0.29625 0.6233333333333333 0.185 0.38
7 0.52125 0.2916666666666667 0.165 0.21
7 0.478125 0.785 0.3 0.2783333333333333
7 0.595 0.8808333333333334 0.315 0.23833333333333334
7 0.95375 0.5341666666666667 0.0925 0.35333333333333333
7 0.7425 0.3016666666666667 0.14875 0.2633333333333333
7 0.631875 0.275 0.125 0.23
7 0.505625 0.22083333333333333 0.10375 0.14
6 0.535 0.5408333333333334 0.215 0.23
6 0.47 0.5958333333333333 0.18 0.2816666666666667
7 0.909375 0.9366666666666666 0.18125 0.12666666666666668