3 0.49375 0.5216666666666666 0.19125 0.37833333333333335
7 0.3525 0.30583333333333335 0.1775 0.4066666666666667
7 0.76875 0.5225 0.17875 0.39666666666666667
10 0.625 0.7808333333333334 0.25875 0.22833333333333333
10 0.45 0.36 0.15625 0.25833333333333336
10 0.695 0.42 0.14375 0.16666666666666666
10 0.12125 0.305 0.1525 0.295
10 0.045 0.5416666666666666 0.09 0.37
9 0.55 0.3625 0.14375 0.25833333333333336
1 0.668125 0.6441666666666667 0.28625 0.305
1 0.70875 0.8783333333333333 0.2025 0.24333333333333335
1 0.423125 0.9133333333333333 0.30875 0.17333333333333334
1 0.399375 0.7891666666666667 0.33 0.34833333333333333
1 0.324375 0.6491666666666667 0.26 0.3983333333333333
1 0.174375 0.8241666666666667 0.3025 0.25833333333333336
4 0.029375 0.7333333333333333 0.05875 0.20666666666666667
0 0.595 0.5216666666666666 0.2 0.3