3 0.513125 0.42916666666666664 0.24875 0.26666666666666666
4 0.930625 0.4375 0.13875 0.315
3 0.498125 0.5783333333333334 0.23125 0.42833333333333334
1 0.575625 0.2783333333333333 0.1775 0.23666666666666666
1 0.701875 0.28 0.21125 0.305
1 0.834375 0.2608333333333333 0.17375 0.31666666666666665
1 0.820625 0.5866666666666667 0.26625 0.43166666666666664
1 0.931875 0.6933333333333334 0.13625 0.2833333333333333
1 0.77875 0.8541666666666666 0.31625 0.23333333333333334
1 0.5175 0.92 0.2625 0.16
1 0.315625 0.8675 0.31125 0.265
1 0.241875 0.7666666666666667 0.1925 0.42833333333333334
1 0.385625 0.6933333333333334 0.2825 0.4116666666666667
1 0.65125 0.5891666666666666 0.2675 0.4483333333333333
10 0.2675 0.4275 0.14 0.31166666666666665
1 0.443125 0.30333333333333334 0.155 0.21333333333333335
0 0.379375 0.49333333333333335 0.185 0.2683333333333333