10 0.58875 0.24916666666666668 0.17625 0.145
10 0.85875 0.8183333333333334 0.18 0.36333333333333334
10 0.79 0.7016666666666667 0.17 0.3383333333333333
7 0.4775 0.6525 0.26 0.41
7 0.67875 0.3958333333333333 0.14125 0.35833333333333334
6 0.465 0.3675 0.26875 0.28833333333333333
6 0.3875 0.25416666666666665 0.09125 0.23166666666666666
6 0.4425 0.4791666666666667 0.2675 0.2966666666666667
6 0.175625 0.4375 0.255 0.38166666666666665
6 0.2025 0.5358333333333334 0.1875 0.41
6 0.2675 0.5883333333333334 0.15625 0.4216666666666667
1 0.07875 0.7 0.1575 0.36333333333333334
0 0.316875 0.4375 0.1975 0.28833333333333333
7 0.818125 0.9625 0.21125 0.075
10 0.120625 0.44083333333333335 0.15625 0.345