10 0.385 0.2841666666666667 0.18125 0.11833333333333333
10 0.55625 0.30333333333333334 0.10125 0.11
10 0.7025 0.36333333333333334 0.095 0.16666666666666666
10 0.749375 0.5425 0.1375 0.3433333333333333
10 0.808125 0.8425 0.10375 0.315
10 0.69125 0.7291666666666666 0.19 0.38666666666666666
10 0.53125 0.98 0.2275 0.04
10 0.540625 0.66 0.175 0.35333333333333333
10 0.365 0.5933333333333334 0.23625 0.16
10 0.245625 0.7041666666666667 0.23125 0.18
10 0.405 0.8883333333333333 0.2375 0.22333333333333333
10 0.281875 0.8591666666666666 0.1475 0.275
0 0.605625 0.535 0.16875 0.25
1 0.151875 0.8516666666666667 0.1425 0.2733333333333333
4 0.413125 0.4691666666666667 0.1875 0.18333333333333332
10 0.055625 0.9108333333333334 0.11125 0.12166666666666667
7 0.73 0.9491666666666667 0.2775 0.10166666666666667