0 0.72375 0.5558333333333333 0.18 0.25833333333333336
1 0.625 0.30916666666666665 0.18 0.15666666666666668
1 0.466875 0.31416666666666665 0.145 0.13
1 0.29625 0.32083333333333336 0.1675 0.17
1 0.18875 0.9116666666666666 0.215 0.15833333333333333
1 0.446875 0.9225 0.28125 0.155
3 0.74 0.7258333333333333 0.13 0.35833333333333334
7 0.52875 0.49166666666666664 0.2125 0.26666666666666666
1 0.5725 0.45666666666666667 0.215 0.20166666666666666
7 0.52625 0.685 0.19375 0.38333333333333336
7 0.82 0.9058333333333334 0.2475 0.18833333333333332
6 0.63625 0.6933333333333334 0.10875 0.37833333333333335
10 0.84375 0.6066666666666667 0.155 0.3016666666666667
10 0.834375 0.3858333333333333 0.115 0.165
10 0.92625 0.8841666666666667 0.1325 0.23166666666666666
7 0.3725 0.4116666666666667 0.1275 0.3333333333333333