7 0.9075 0.805 0.15 0.39
10 0.63 0.7958333333333333 0.175 0.4083333333333333
10 0.67625 0.5908333333333333 0.22375 0.23166666666666666
10 0.741875 0.45666666666666667 0.15625 0.235
10 0.835625 0.4558333333333333 0.12875 0.27666666666666667
10 0.565625 0.30416666666666664 0.2025 0.165
10 0.29 0.3933333333333333 0.12375 0.2783333333333333
10 0.221875 0.6891666666666667 0.25 0.385
10 0.155 0.8966666666666666 0.19625 0.12833333333333333
10 0.3225 0.9266666666666666 0.20375 0.125
10 0.46625 0.8375 0.275 0.19333333333333333
10 0.429375 0.7008333333333333 0.27625 0.18833333333333332
4 0.5475 0.51 0.25625 0.3516666666666667
1 0.633125 0.9166666666666666 0.29125 0.16666666666666666
1 0.479375 0.35583333333333333 0.17 0.26
1 0.2325 0.4633333333333333 0.15125 0.36333333333333334
0 0.37125 0.51 0.19125 0.2816666666666667