0 0.620625 0.5 0.14625 0.21666666666666667
1 0.621875 0.7275 0.233125 0.41
1 0.634375 0.8966666666666666 0.304375 0.20583333333333334
1 0.28125 0.8508333333333333 0.2775 0.29833333333333334
7 0.29625 0.545 0.3075 0.2791666666666667
1 0.33875 0.48 0.188125 0.3725
1 0.325 0.31333333333333335 0.13875 0.16833333333333333
3 0.730625 0.5283333333333333 0.1775 0.3408333333333333
6 0.536875 0.2708333333333333 0.15125 0.32
6 0.4825 0.3725 0.239375 0.30083333333333334
9 0.470625 0.6241666666666666 0.30125 0.3175
10 0.085625 0.7225 0.126875 0.3616666666666667
7 0.1725 0.3908333333333333 0.138125 0.2775