1 0.288125 0.2475 0.22875 0.17666666666666667
1 0.264375 0.7108333333333333 0.21 0.45166666666666666
1 0.3 0.8858333333333334 0.345 0.22666666666666666
1 0.125625 0.7175 0.1825 0.4
1 0.71875 0.82 0.365 0.31333333333333335
1 0.76375 0.38416666666666666 0.13625 0.3016666666666667
1 0.51875 0.6616666666666666 0.27125 0.48333333333333334
3 0.744375 0.5591666666666667 0.16875 0.4116666666666667
10 0.521875 0.3075 0.20875 0.19166666666666668
10 0.429375 0.5191666666666667 0.30125 0.315
0 0.64375 0.4891666666666667 0.1675 0.2683333333333333
1 0.68875 0.9425 0.345 0.115
10 0.261875 0.3441666666666667 0.2575 0.19