6 0.508125 0.38083333333333336 0.1925 0.22833333333333333
6 0.493125 0.5216666666666666 0.23875 0.235
6 0.280625 0.5766666666666667 0.185 0.2916666666666667
6 0.33625 0.35833333333333334 0.07 0.17166666666666666
7 0.84625 0.33 0.10875 0.22166666666666668
10 0.746875 0.2825 0.14125 0.10166666666666667
10 0.595 0.2708333333333333 0.18625 0.16666666666666666
9 0.4675 0.30583333333333335 0.11125 0.18666666666666668
10 0.298125 0.275 0.08125 0.13333333333333333
10 0.26 0.4216666666666667 0.105 0.25333333333333335
10 0.5325 0.8616666666666667 0.265 0.27666666666666667
1 0.875 0.6675 0.15375 0.34833333333333333
1 0.21 0.6975 0.1425 0.37333333333333335
0 0.390625 0.4875 0.16375 0.2683333333333333
3 0.33625 0.6483333333333333 0.205 0.43