4 0.390625 0.6483333333333333 0.11 0.4166666666666667
4 0.379375 0.385 0.121875 0.16666666666666666
7 0.278125 0.32666666666666666 0.11625 0.19416666666666665
4 0.249375 0.2816666666666667 0.07 0.12
1 0.40875 0.30583333333333335 0.14125 0.12333333333333334
1 0.16375 0.8841666666666667 0.196875 0.16333333333333333
1 0.70625 0.33166666666666667 0.088125 0.13416666666666666
0 0.615625 0.5108333333333334 0.158125 0.24916666666666668
9 0.520625 0.4008333333333333 0.17 0.15166666666666667
10 0.729375 0.48083333333333333 0.1425 0.22416666666666665
10 0.729375 0.6333333333333333 0.083125 0.31583333333333335
7 0.29375 0.5916666666666667 0.1525 0.37333333333333335
10 0.24375 0.5441666666666667 0.08 0.18416666666666667
7 0.236875 0.40166666666666667 0.135 0.185
7 0.52625 0.2575 0.12875 0.16833333333333333
7 0.836875 0.8525 0.098125 0.255