0 0.378125 0.5541666666666667 0.16375 0.255
1 0.8175 0.49166666666666664 0.14125 0.205
1 0.60125 0.9291666666666667 0.235 0.14166666666666666
1 0.885 0.8458333333333333 0.20625 0.195
1 0.839375 0.7266666666666667 0.16875 0.37
3 0.46875 0.6433333333333333 0.23625 0.3
10 0.29 0.6966666666666667 0.19875 0.27166666666666667
6 0.309375 0.6608333333333334 0.16375 0.3466666666666667
3 0.274375 0.5575 0.165 0.20166666666666666
6 0.489375 0.5425 0.22 0.24166666666666667
3 0.5 0.4816666666666667 0.2175 0.185
6 0.445 0.35333333333333333 0.1575 0.25666666666666665
7 0.4625 0.265 0.1475 0.16666666666666666
9 0.309375 0.43833333333333335 0.10125 0.19
10 0.25875 0.8491666666666666 0.145 0.3016666666666667
10 0.258125 0.35083333333333333 0.055 0.075