10 0.683125 0.2375 0.19625 0.14833333333333334
6 0.5 0.3441666666666667 0.21625 0.2816666666666667
9 0.449375 0.32916666666666666 0.115 0.20833333333333334
7 0.9475 0.43833333333333335 0.105 0.37333333333333335
7 0.97375 0.7175 0.0525 0.285
7 0.89125 0.8825 0.2125 0.12333333333333334
7 0.213125 0.8175 0.16875 0.365
7 0.60875 0.4666666666666667 0.27125 0.28
6 0.508125 0.5833333333333334 0.23375 0.36
6 0.326875 0.6408333333333334 0.17375 0.33666666666666667
9 0.304375 0.45166666666666666 0.16 0.18
4 0.520625 0.2758333333333333 0.12125 0.17333333333333334
1 0.6925 0.39166666666666666 0.21375 0.21833333333333332
1 0.79875 0.6816666666666666 0.29 0.37166666666666665
0 0.40375 0.52 0.19875 0.31