0 0.663125 0.5383333333333333 0.19625 0.3
1 0.791875 0.48583333333333334 0.14125 0.27
1 0.45875 0.44916666666666666 0.235 0.26666666666666666
1 0.155625 0.5008333333333334 0.1425 0.22166666666666668
1 0.08125 0.7225 0.1625 0.37166666666666665
1 0.47 0.9675 0.315 0.065
1 0.691875 0.805 0.23125 0.39
3 0.53125 0.5875 0.2425 0.2966666666666667
4 0.834375 0.6858333333333333 0.16 0.4166666666666667
4 0.340625 0.35333333333333333 0.1425 0.37333333333333335
4 0.100625 0.875 0.18375 0.17833333333333334
10 0.36875 0.7925 0.20125 0.405
10 0.60625 0.3475 0.11875 0.24666666666666667
10 0.473125 0.2625 0.19 0.13666666666666666