10 0.274375 0.5925 0.15375 0.185
1 0.616875 0.64 0.275 0.315
1 0.535 0.52 0.17625 0.31
1 0.470625 0.32166666666666666 0.2075 0.17166666666666666
1 0.519375 0.37083333333333335 0.20625 0.165
1 0.266875 0.4866666666666667 0.13125 0.16333333333333333
1 0.269375 0.8541666666666666 0.18875 0.2916666666666667
1 0.345 0.96 0.2375 0.08
1 0.50875 0.91 0.265 0.18
1 0.778125 0.8416666666666667 0.255 0.23166666666666666
1 0.683125 0.25916666666666666 0.13875 0.13833333333333334
1 0.75125 0.31916666666666665 0.125 0.23333333333333334
1 0.813125 0.3725 0.135 0.27166666666666667
10 0.389375 0.7308333333333333 0.26375 0.345
0 0.3825 0.55 0.2 0.275