9 0.71 0.6241666666666666 0.159375 0.29583333333333334
3 0.711875 0.5008333333333334 0.1225 0.21833333333333332
4 0.074375 0.7858333333333334 0.09125 0.25083333333333335
1 0.478125 0.5808333333333333 0.200625 0.2891666666666667
1 0.19125 0.38333333333333336 0.0975 0.24083333333333334
1 0.25625 0.3575 0.1325 0.195
1 0.38375 0.3025 0.1425 0.095
1 0.294375 0.4525 0.17625 0.25083333333333335
1 0.45 0.39916666666666667 0.14 0.22916666666666666
1 0.7875 0.8783333333333333 0.135625 0.225
1 0.63 0.325 0.19375 0.13916666666666666
0 0.614375 0.5158333333333334 0.155625 0.25
10 0.1625 0.7591666666666667 0.160625 0.23916666666666667
10 0.314375 0.6966666666666667 0.17125 0.2991666666666667
10 0.32375 0.8908333333333334 0.2325 0.17416666666666666
10 0.56375 0.39166666666666666 0.1075 0.10583333333333333