0 0.615625 0.5125 0.156875 0.23833333333333334
7 0.483125 0.36 0.168125 0.2625
7 0.7425 0.4608333333333333 0.148125 0.2525
7 0.71875 0.28833333333333333 0.09 0.15
7 0.301875 0.3075 0.135625 0.15833333333333333
7 0.173125 0.5108333333333334 0.109375 0.23583333333333334
7 0.096875 0.5891666666666666 0.11125 0.22166666666666668
7 0.09375 0.8083333333333333 0.180625 0.25916666666666666
7 0.358125 0.8691666666666666 0.206875 0.2475
7 0.559375 0.7883333333333333 0.1525 0.4225
7 0.78 0.7566666666666667 0.145 0.37416666666666665
7 0.775 0.9141666666666667 0.24 0.17166666666666666
4 0.1375 0.7258333333333333 0.20125 0.24