7 0.544375 0.32666666666666666 0.0875 0.25083333333333335
3 0.710625 0.4816666666666667 0.131875 0.23083333333333333
1 0.458125 0.35583333333333333 0.16375 0.21333333333333335
1 0.3875 0.3125 0.17125 0.13583333333333333
1 0.236875 0.45416666666666666 0.15 0.20833333333333334
1 0.37625 0.5608333333333333 0.2 0.275
1 0.4775 0.59 0.195625 0.3283333333333333
1 0.655625 0.805 0.269375 0.24833333333333332
1 0.3275 0.77 0.239375 0.28
1 0.185 0.62 0.113125 0.34833333333333333
0 0.61875 0.52 0.154375 0.23333333333333334
10 0.5525 0.8666666666666667 0.239375 0.26666666666666666
10 0.761875 0.9675 0.198125 0.065
10 0.810625 0.7733333333333333 0.128125 0.36666666666666664
10 0.11125 0.7908333333333334 0.0825 0.2783333333333333
10 0.721875 0.305 0.053125 0.09416666666666666