10 0.25625 0.7133333333333334 0.135 0.355
10 0.268125 0.3408333333333333 0.20125 0.17666666666666667
10 0.45375 0.29333333333333333 0.19875 0.17
10 0.475625 0.5966666666666667 0.2175 0.37166666666666665
7 0.115625 0.3825 0.14125 0.255
7 0.694375 0.8741666666666666 0.235 0.22333333333333333
6 0.543125 0.6183333333333333 0.21125 0.3566666666666667
4 0.77125 0.455 0.1275 0.24666666666666667
1 0.32 0.4083333333333333 0.20625 0.20166666666666666
1 0.41875 0.4708333333333333 0.2575 0.2833333333333333
1 0.658125 0.33416666666666667 0.215 0.19333333333333333
1 0.789375 0.6591666666666667 0.26125 0.4533333333333333
1 0.82875 0.9158333333333334 0.25125 0.09333333333333334
1 0.425 0.9458333333333333 0.3075 0.10833333333333334
1 0.096875 0.8483333333333334 0.15375 0.30333333333333334
0 0.6275 0.5241666666666667 0.21125 0.315