1 0.675625 0.4825 0.2425 0.25
1 0.584375 0.3641666666666667 0.2025 0.165
1 0.756875 0.685 0.2525 0.2683333333333333
1 0.20625 0.7408333333333333 0.28875 0.3433333333333333
1 0.800625 0.5166666666666667 0.14375 0.255
6 0.175 0.5791666666666667 0.275 0.34833333333333333
3 0.206875 0.4766666666666667 0.22375 0.2866666666666667
3 0.276875 0.37083333333333335 0.10375 0.18666666666666668
6 0.42 0.33916666666666667 0.1525 0.31833333333333336
6 0.45125 0.45666666666666667 0.22625 0.2966666666666667
6 0.4275 0.6158333333333333 0.265 0.3516666666666667
6 0.324375 0.6808333333333333 0.22 0.4483333333333333
7 0.1825 0.7175 0.1825 0.4
10 0.501875 0.9566666666666667 0.30125 0.08666666666666667
10 0.849375 0.86 0.18375 0.28
0 0.304375 0.5375 0.195 0.30333333333333334