1 0.6175 0.25083333333333335 0.2425 0.24333333333333335
1 0.494375 0.19333333333333333 0.205 0.155
1 0.758125 0.3908333333333333 0.25125 0.26
1 0.2675 0.7591666666666667 0.28625 0.33666666666666667
1 0.744375 0.21 0.13875 0.255
6 0.18625 0.6283333333333333 0.27125 0.3433333333333333
3 0.1825 0.5141666666666667 0.22 0.2816666666666667
3 0.2125 0.37666666666666665 0.1 0.18666666666666668
6 0.335 0.265 0.145 0.32166666666666666
6 0.401875 0.355 0.2225 0.2916666666666667
6 0.43125 0.5158333333333334 0.26125 0.3466666666666667
6 0.356875 0.635 0.21 0.45166666666666666
7 0.24625 0.7741666666666667 0.1925 0.45166666666666666
10 0.629375 0.8766666666666667 0.32625 0.24666666666666667
10 0.915 0.55 0.17 0.3933333333333333
0 0.291875 0.5141666666666667 0.19 0.3016666666666667