10 0.41875 0.2866666666666667 0.140625 0.0825
10 0.10125 0.7066666666666667 0.098125 0.33166666666666667
10 0.18125 0.6075 0.10125 0.2658333333333333
7 0.449375 0.6533333333333333 0.173125 0.30583333333333335
7 0.32125 0.38416666666666666 0.07 0.29333333333333333
6 0.504375 0.4191666666666667 0.203125 0.18833333333333332
6 0.58625 0.3466666666666667 0.045625 0.19083333333333333
6 0.505 0.5191666666666667 0.2 0.19583333333333333
6 0.734375 0.5583333333333333 0.173125 0.28
6 0.69625 0.6333333333333333 0.104375 0.3275
6 0.63375 0.6583333333333333 0.073125 0.34833333333333333
1 0.795 0.8316666666666667 0.13125 0.31833333333333336
0 0.616875 0.5191666666666667 0.135625 0.21
7 0.09375 0.8708333333333333 0.1875 0.125
10 0.78 0.5758333333333333 0.0875 0.2775