10 0.24125 0.6408333333333334 0.14 0.32666666666666666
10 0.7875 0.6683333333333333 0.195 0.51
9 0.523125 0.42833333333333334 0.21625 0.24333333333333335
9 0.738125 0.39666666666666667 0.18125 0.19666666666666666
7 0.54125 0.27 0.12875 0.19166666666666668
7 0.2225 0.2975 0.22 0.22833333333333333
6 0.68625 0.5875 0.1625 0.38
3 0.533125 0.5916666666666667 0.2775 0.34
1 0.891875 0.7008333333333333 0.21375 0.39666666666666667
1 0.535625 0.825 0.34125 0.35
1 0.391875 0.8716666666666667 0.26625 0.25666666666666665
1 0.188125 0.8133333333333334 0.19125 0.37333333333333335
1 0.164375 0.5533333333333333 0.175 0.31333333333333335
1 0.258125 0.48583333333333334 0.13375 0.2816666666666667
1 0.325 0.4325 0.1575 0.2633333333333333
0 0.65375 0.4633333333333333 0.205 0.3233333333333333