0 0.615 0.515 0.159375 0.2425
1 0.72 0.6183333333333333 0.103125 0.4166666666666667
1 0.725625 0.9441666666666667 0.254375 0.11166666666666666
1 0.193125 0.8833333333333333 0.210625 0.18
1 0.38375 0.3125 0.175 0.14833333333333334
1 0.179375 0.5575 0.113125 0.32166666666666666
1 0.37625 0.5533333333333333 0.155625 0.3416666666666667
7 0.46125 0.7558333333333334 0.2475 0.4033333333333333
1 0.405625 0.7808333333333334 0.211875 0.37916666666666665
1 0.226875 0.33416666666666667 0.13625 0.18
3 0.5075 0.4816666666666667 0.18375 0.235
7 0.739375 0.285 0.0525 0.155
9 0.536875 0.37583333333333335 0.13375 0.19666666666666666
10 0.590625 0.76 0.195 0.36833333333333335
10 0.7825 0.7625 0.125625 0.3933333333333333
10 0.09375 0.6733333333333333 0.1 0.37083333333333335
10 0.445625 0.9808333333333333 0.195 0.03833333333333333