10 0.62625 0.6758333333333333 0.3425 0.33
9 0.526875 0.495 0.295 0.295
3 0.38875 0.6566666666666666 0.27375 0.5733333333333334
1 0.564375 0.8491666666666666 0.43875 0.3016666666666667
1 0.839375 0.77 0.27375 0.46
1 0.7225 0.3675 0.2625 0.30666666666666664
1 0.659375 0.4166666666666667 0.28125 0.38666666666666666
1 0.5125 0.32166666666666666 0.21625 0.285
1 0.264375 0.6425 0.27 0.545
1 0.218125 0.5041666666666667 0.24875 0.5316666666666666
10 0.393125 0.315 0.28875 0.21833333333333332
0 0.38125 0.45416666666666666 0.1925 0.2866666666666667