6 0.513125 0.3541666666666667 0.1925 0.3516666666666667
3 0.33875 0.3441666666666667 0.1075 0.17333333333333334
3 0.300625 0.43916666666666665 0.17 0.22666666666666666
3 0.50375 0.6225 0.245 0.3466666666666667
9 0.29125 0.645 0.1575 0.4216666666666667
9 0.4075 0.675 0.16625 0.37666666666666665
10 0.428125 0.8566666666666667 0.30875 0.2866666666666667
0 0.395 0.5108333333333334 0.19625 0.2966666666666667
1 0.52375 0.30416666666666664 0.2 0.16333333333333333
1 0.604375 0.49 0.20875 0.3433333333333333
1 0.758125 0.3641666666666667 0.23875 0.21
1 0.795 0.6516666666666666 0.2475 0.36333333333333334
1 0.89875 0.7025 0.20125 0.38666666666666666
1 0.74625 0.905 0.2275 0.19
1 0.8975 0.89 0.145 0.22
1 0.204375 0.9016666666666666 0.23 0.12833333333333333
1 0.21125 0.6916666666666667 0.20375 0.45666666666666667