1 0.29 0.3 0.20875 0.15666666666666668
1 0.273125 0.7275 0.18875 0.41083333333333333
1 0.309375 0.8941666666666667 0.31625 0.21166666666666667
1 0.145625 0.7358333333333333 0.163125 0.365
1 0.69375 0.8175 0.333125 0.28
1 0.73 0.41583333333333333 0.12125 0.2758333333333333
1 0.5075 0.6758333333333333 0.244375 0.43916666666666665
3 0.71375 0.5766666666666667 0.150625 0.37583333333333335
10 0.50625 0.3491666666666667 0.19 0.1725
10 0.423125 0.5475 0.274375 0.2833333333333333
0 0.620625 0.5141666666666667 0.15125 0.2425
1 0.668125 0.9416666666666667 0.31625 0.11666666666666667
10 0.26625 0.39 0.235625 0.16916666666666666