3 0.8175 0.4066666666666667 0.14 0.20166666666666666
1 0.6325 0.7375 0.28875 0.2733333333333333
1 0.866875 0.8066666666666666 0.26625 0.34
1 0.405625 0.9441666666666667 0.30375 0.11166666666666666
1 0.345 0.5883333333333334 0.23125 0.3383333333333333
1 0.23125 0.43416666666666665 0.14125 0.315
1 0.363125 0.31 0.20375 0.17666666666666667
7 0.355 0.3333333333333333 0.15 0.22666666666666666
7 0.479375 0.4008333333333333 0.0925 0.30666666666666664
7 0.55625 0.3933333333333333 0.08625 0.31333333333333335
7 0.574375 0.2775 0.125 0.23333333333333334
7 0.651875 0.25916666666666666 0.1 0.20833333333333334
10 0.856875 0.515 0.12875 0.255
0 0.720625 0.5166666666666667 0.20125 0.29833333333333334