0 0.3775 0.49 0.155 0.22833333333333333
1 0.379375 0.7266666666666667 0.2475 0.43166666666666664
1 0.368125 0.8958333333333334 0.31875 0.20833333333333334
1 0.73375 0.8433333333333334 0.2925 0.31
7 0.715 0.5291666666666667 0.3225 0.2966666666666667
1 0.669375 0.4625 0.2 0.39166666666666666
1 0.68125 0.2891666666666667 0.14625 0.17833333333333334
3 0.263125 0.5233333333333333 0.18875 0.35833333333333334
6 0.46125 0.25 0.16125 0.335
6 0.51875 0.3541666666666667 0.2525 0.31666666666666665
9 0.534375 0.6158333333333333 0.31625 0.33666666666666667
10 0.933125 0.7091666666666666 0.13375 0.37833333333333335
7 0.840625 0.36583333333333334 0.1475 0.2916666666666667