10 0.160625 0.7158333333333333 0.14375 0.3516666666666667
10 0.214375 0.6466666666666666 0.1425 0.33166666666666667
10 0.934375 0.75 0.13125 0.30333333333333334
6 0.80125 0.5116666666666667 0.235 0.3516666666666667
10 0.811875 0.45166666666666666 0.16875 0.31
10 0.439375 0.30083333333333334 0.15375 0.13333333333333333
9 0.57375 0.5916666666666667 0.27375 0.36
6 0.540625 0.43083333333333335 0.2525 0.2866666666666667
9 0.57375 0.3775 0.165 0.205
7 0.2275 0.4425 0.18125 0.225
7 0.238125 0.38416666666666666 0.165 0.19666666666666666
7 0.38 0.3875 0.1725 0.25833333333333336
7 0.54 0.23583333333333334 0.18875 0.24666666666666667
0 0.67 0.48833333333333334 0.21125 0.30833333333333335
1 0.716875 0.7675 0.24375 0.37333333333333335