7 0.42875 0.695 0.22875 0.465
6 0.3525 0.2675 0.12 0.2966666666666667
9 0.460625 0.5575 0.285 0.34
3 0.435625 0.4175 0.23 0.20833333333333334
9 0.223125 0.6608333333333334 0.2175 0.44166666666666665
3 0.20625 0.49166666666666664 0.20625 0.24333333333333335
9 0.35625 0.6641666666666667 0.16625 0.46166666666666667
9 0.2 0.42083333333333334 0.15125 0.13333333333333333
4 0.306875 0.7641666666666667 0.18625 0.4716666666666667
4 0.1675 0.6208333333333333 0.2025 0.44166666666666665
10 0.398125 0.21083333333333334 0.095 0.12833333333333333
1 0.5275 0.22916666666666666 0.21125 0.19333333333333333
1 0.57625 0.3275 0.195 0.2733333333333333
1 0.90125 0.6275 0.1975 0.4116666666666667
1 0.6425 0.9166666666666666 0.265 0.16666666666666666