10 0.36 0.6258333333333334 0.1875 0.445
0 0.389375 0.48083333333333333 0.1875 0.2966666666666667
1 0.8625 0.8575 0.165 0.285
1 0.425625 0.93 0.33375 0.14
4 0.285 0.41833333333333333 0.1975 0.30833333333333335
4 0.305625 0.33416666666666667 0.1425 0.22
3 0.52 0.495 0.2325 0.25666666666666665
10 0.4475 0.8333333333333334 0.28 0.3333333333333333
10 0.19125 0.7508333333333334 0.18375 0.3566666666666667
7 0.69875 0.42 0.1625 0.315
7 0.55625 0.25 0.18125 0.21166666666666667
7 0.70375 0.7758333333333334 0.2575 0.32
7 0.771875 0.925 0.28625 0.15
6 0.504375 0.3525 0.17 0.25666666666666665
6 0.445625 0.5966666666666667 0.15875 0.3466666666666667
6 0.289375 0.5758333333333333 0.19625 0.39