10 0.07125 0.7633333333333333 0.081875 0.25083333333333335
9 0.5725 0.6466666666666666 0.156875 0.34
7 0.194375 0.3233333333333333 0.11375 0.22083333333333333
7 0.085625 0.8758333333333334 0.15125 0.13083333333333333
7 0.66875 0.8558333333333333 0.25 0.27
7 0.8275 0.92 0.1875 0.16
7 0.74 0.3475 0.06625 0.26416666666666666
7 0.560625 0.31666666666666665 0.10125 0.20666666666666667
7 0.32625 0.3908333333333333 0.14 0.25916666666666666
6 0.508125 0.5233333333333333 0.21375 0.19166666666666668
6 0.6825 0.3775 0.0675 0.20416666666666666
0 0.621875 0.49916666666666665 0.1475 0.20166666666666666
1 0.34125 0.3175 0.140625 0.09416666666666666
1 0.155625 0.7233333333333334 0.120625 0.3408333333333333
4 0.515 0.31416666666666665 0.07625 0.1825
3 0.654375 0.6416666666666667 0.09375 0.3475