0 0.6925 0.5191666666666667 0.20125 0.2866666666666667
1 0.325 0.38916666666666666 0.18375 0.21333333333333335
1 0.5525 0.3333333333333333 0.22 0.215
1 0.565625 0.7808333333333334 0.28125 0.43833333333333335
1 0.36625 0.9166666666666666 0.2525 0.16666666666666666
1 0.233125 0.7116666666666667 0.19 0.4266666666666667
4 0.396875 0.7416666666666667 0.15625 0.4866666666666667
6 0.585 0.39 0.17625 0.3283333333333333
7 0.77125 0.6916666666666667 0.27375 0.3466666666666667
7 0.106875 0.8708333333333333 0.16625 0.25833333333333336
7 0.446875 0.4225 0.1025 0.295
10 0.304375 0.6766666666666666 0.17 0.3516666666666667
10 0.16625 0.7391666666666666 0.135 0.3433333333333333
10 0.618125 0.9458333333333333 0.29875 0.10833333333333334
10 0.90875 0.8875 0.1825 0.11166666666666666
10 0.875 0.5675 0.1325 0.33666666666666667