3 0.533125 0.555 0.1625 0.355
7 0.354375 0.41333333333333333 0.145 0.385
7 0.786875 0.4475 0.1475 0.375
10 0.711875 0.7425 0.2425 0.19333333333333333
10 0.455625 0.4241666666666667 0.13625 0.23833333333333334
10 0.695625 0.38166666666666665 0.13125 0.14666666666666667
10 0.14 0.5041666666666667 0.13 0.275
10 0.086875 0.7675 0.1375 0.35833333333333334
9 0.54875 0.38666666666666666 0.12375 0.24
1 0.720625 0.5991666666666666 0.26375 0.265
1 0.82 0.8266666666666667 0.175 0.2816666666666667
1 0.556875 0.9383333333333334 0.29375 0.12333333333333334
1 0.50625 0.84 0.305 0.30333333333333334
1 0.405 0.7425 0.23 0.36333333333333334
1 0.30375 0.9275 0.2825 0.145
4 0.10125 0.9275 0.15 0.145
0 0.62625 0.5158333333333334 0.17625 0.2733333333333333