3 0.710625 0.51 0.174375 0.19916666666666666
3 0.5275 0.39 0.145625 0.14
6 0.690625 0.3591666666666667 0.086875 0.19916666666666666
6 0.563125 0.6133333333333333 0.083125 0.3466666666666667
10 0.663125 0.7833333333333333 0.088125 0.32666666666666666
10 0.28125 0.30916666666666665 0.1475 0.13666666666666666
10 0.23625 0.5158333333333334 0.090625 0.2675
10 0.40875 0.32166666666666666 0.158125 0.14666666666666667
0 0.620625 0.5233333333333333 0.150625 0.235
1 0.755 0.7383333333333333 0.185 0.35583333333333333
1 0.558125 0.9408333333333333 0.22875 0.11833333333333333
1 0.55625 0.3275 0.1025 0.12333333333333334
1 0.46125 0.515 0.189375 0.17166666666666666
1 0.475 0.6458333333333334 0.1475 0.335
1 0.19875 0.4008333333333333 0.11 0.23
1 0.13125 0.6191666666666666 0.115 0.29083333333333333