9 0.229375 0.33916666666666667 0.125 0.16666666666666666
10 0.1975 0.64 0.20625 0.315
9 0.19875 0.5208333333333334 0.185 0.2733333333333333
7 0.81 0.6691666666666667 0.16 0.2966666666666667
7 0.374375 0.30666666666666664 0.09625 0.17166666666666666
6 0.425 0.43833333333333335 0.1775 0.18
6 0.398125 0.6066666666666667 0.15125 0.375
4 0.48375 0.5666666666666667 0.175 0.3616666666666667
1 0.574375 0.265 0.1875 0.15166666666666667
1 0.58 0.42 0.1575 0.24666666666666667
1 0.86 0.7833333333333333 0.1725 0.3283333333333333
1 0.69 0.915 0.25625 0.16833333333333333
1 0.190625 0.9333333333333333 0.25625 0.13333333333333333
0 0.309375 0.49166666666666664 0.165 0.27166666666666667
10 0.805625 0.4875 0.10875 0.24833333333333332