10 0.7225 0.5233333333333333 0.099375 0.255
1 0.71 0.41833333333333333 0.109375 0.11916666666666667
1 0.786875 0.7775 0.105625 0.32
1 0.509375 0.31333333333333335 0.166875 0.13666666666666666
1 0.248125 0.38083333333333336 0.105625 0.20416666666666666
1 0.198125 0.6266666666666667 0.128125 0.30666666666666664
1 0.193125 0.9091666666666667 0.1725 0.14083333333333334
1 0.6975 0.9391666666666667 0.206875 0.12083333333333333
0 0.61625 0.5116666666666667 0.155625 0.2325
4 0.5425 0.42333333333333334 0.08625 0.23583333333333334
4 0.171875 0.4691666666666667 0.115 0.26916666666666667
7 0.389375 0.5608333333333333 0.22625 0.25583333333333336
7 0.379375 0.6966666666666667 0.173125 0.34
10 0.3275 0.30916666666666665 0.156875 0.13333333333333333
10 0.650625 0.705 0.176875 0.355
1 0.089375 0.7683333333333333 0.105625 0.2675