10 0.62625 0.6491666666666667 0.11125 0.3883333333333333
0 0.623125 0.5108333333333334 0.136875 0.24
1 0.13 0.7525 0.10375 0.30833333333333335
1 0.5175 0.9433333333333334 0.305 0.11333333333333333
4 0.726875 0.48333333333333334 0.145 0.24833333333333332
4 0.72125 0.40166666666666667 0.105625 0.17666666666666667
3 0.5025 0.4866666666666667 0.189375 0.185
10 0.51375 0.8441666666666666 0.21875 0.31166666666666665
10 0.76 0.8283333333333334 0.123125 0.335
7 0.353125 0.37 0.10875 0.265
7 0.508125 0.25583333333333336 0.145 0.15583333333333332
7 0.2925 0.6891666666666667 0.2025 0.2425
7 0.196875 0.8625 0.24 0.1875
6 0.53875 0.3625 0.12625 0.20583333333333334
6 0.55375 0.6 0.099375 0.2991666666666667
6 0.69875 0.6233333333333333 0.13 0.3308333333333333