1 0.47125 0.9408333333333333 0.29 0.11833333333333333
1 0.7175 0.27666666666666667 0.1675 0.15666666666666668
1 0.908125 0.6775 0.15625 0.3383333333333333
6 0.2725 0.43416666666666665 0.155 0.24166666666666667
6 0.405625 0.6325 0.11 0.365
6 0.4025 0.31916666666666665 0.0925 0.205
7 0.301875 0.7541666666666667 0.205 0.43333333333333335
9 0.3025 0.43 0.095 0.15666666666666668
9 0.486875 0.4483333333333333 0.19625 0.18833333333333332
9 0.45875 0.38666666666666666 0.1525 0.17166666666666666
9 0.498125 0.6366666666666667 0.22125 0.33
9 0.304375 0.675 0.18 0.31666666666666665
9 0.28 0.63 0.195 0.2833333333333333
10 0.56375 0.3433333333333333 0.17 0.20666666666666667