9 0.605625 0.7191666666666666 0.1775 0.49333333333333335
10 0.5025 0.4125 0.14125 0.3333333333333333
7 0.781875 0.6208333333333333 0.125 0.38416666666666666
7 0.70875 0.37833333333333335 0.125625 0.355
4 0.42125 0.43583333333333335 0.156875 0.2866666666666667
3 0.511875 0.6358333333333334 0.194375 0.4175
1 0.191875 0.485 0.186875 0.37166666666666665
1 0.29875 0.42583333333333334 0.200625 0.3075
1 0.295 0.7433333333333333 0.29625 0.35
1 0.23625 0.8666666666666667 0.344375 0.2658333333333333
1 0.615 0.8941666666666667 0.3575 0.21166666666666667
0 0.618125 0.5108333333333334 0.151875 0.22166666666666668