1 0.404375 0.8833333333333333 0.32625 0.23333333333333334
1 0.703125 0.37 0.19375 0.18333333333333332
1 0.809375 0.5341666666666667 0.1375 0.27
1 0.806875 0.8316666666666667 0.21625 0.33666666666666667
1 0.605625 0.6975 0.17625 0.3383333333333333
6 0.483125 0.3925 0.2025 0.26666666666666666
1 0.514375 0.32916666666666666 0.20375 0.195
0 0.366875 0.4866666666666667 0.18875 0.28
10 0.260625 0.4425 0.13375 0.2
10 0.24875 0.6225 0.25625 0.325
10 0.120625 0.755 0.15625 0.31666666666666665
10 0.303125 0.25416666666666665 0.075 0.10333333333333333
10 0.725 0.6216666666666667 0.16125 0.31333333333333335
10 0.46875 0.5208333333333334 0.18375 0.24833333333333332
7 0.865625 0.6291666666666667 0.14875 0.2633333333333333
10 0.37875 0.3541666666666667 0.1575 0.12666666666666668