1 0.57 0.9483333333333334 0.283125 0.10333333333333333
1 0.26375 0.31333333333333335 0.15625 0.13166666666666665
1 0.11125 0.7425 0.128125 0.32
6 0.72 0.3975 0.13625 0.22083333333333333
6 0.605625 0.6158333333333333 0.07875 0.3541666666666667
6 0.58 0.305 0.075 0.195
7 0.72 0.72 0.169375 0.4091666666666667
9 0.689375 0.3983333333333333 0.0825 0.145
9 0.508125 0.44666666666666666 0.183125 0.16
9 0.530625 0.38083333333333336 0.139375 0.15083333333333335
9 0.514375 0.635 0.195 0.3
9 0.71 0.6416666666666667 0.15375 0.29333333333333333
9 0.73 0.5933333333333334 0.1725 0.25666666666666665
10 0.4225 0.355 0.155 0.1825