1 0.075625 0.605 0.15125 0.3466666666666667
1 0.2275 0.465 0.225 0.34
1 0.67125 0.7041666666666667 0.21625 0.3933333333333333
1 0.54375 0.9525 0.27 0.095
0 0.570625 0.49 0.1975 0.315
10 0.3875 0.20583333333333334 0.195 0.16833333333333333
10 0.435 0.5091666666666667 0.1725 0.32666666666666666
10 0.544375 0.32666666666666666 0.0925 0.145
10 0.24625 0.7125 0.2375 0.30833333333333335
10 0.743125 0.8341666666666666 0.14125 0.33166666666666667
7 0.4775 0.7833333333333333 0.24 0.36833333333333335
6 0.63625 0.655 0.1675 0.44
6 0.5275 0.5891666666666666 0.17125 0.33
4 0.7075 0.43 0.1575 0.23666666666666666
10 0.266875 0.3075 0.17 0.29