0 0.315625 0.5375 0.18875 0.2733333333333333
1 0.53625 0.4775 0.24625 0.30666666666666664
1 0.73375 0.4816666666666667 0.205 0.30833333333333335
1 0.71625 0.35 0.16625 0.21666666666666667
1 0.51125 0.9166666666666666 0.285 0.16666666666666666
1 0.2475 0.9116666666666666 0.26 0.17666666666666667
1 0.185 0.47833333333333333 0.16125 0.3233333333333333
3 0.455625 0.5758333333333333 0.24375 0.315
6 0.3525 0.6641666666666667 0.14375 0.4083333333333333
6 0.264375 0.6975 0.1225 0.43166666666666664
7 0.43375 0.4116666666666667 0.2225 0.24333333333333335
10 0.604375 0.27666666666666667 0.17 0.155
10 0.835 0.8808333333333334 0.2575 0.19
10 0.201875 0.6783333333333333 0.13625 0.3
10 0.75125 0.275 0.15125 0.185