10 0.465 0.5783333333333334 0.20875 0.37666666666666665
10 0.75625 0.5358333333333334 0.10625 0.25333333333333335
10 0.715625 0.46166666666666667 0.12375 0.23333333333333334
6 0.54 0.37166666666666665 0.19875 0.30333333333333334
10 0.566875 0.3175 0.13625 0.13833333333333334
6 0.52625 0.6083333333333333 0.19375 0.3516666666666667
4 0.40625 0.52 0.19875 0.385
9 0.684375 0.6641666666666667 0.22375 0.35333333333333333
1 0.405625 0.27666666666666667 0.17625 0.17666666666666667
1 0.28125 0.3308333333333333 0.18 0.2
1 0.1775 0.325 0.155 0.2783333333333333
1 0.305625 0.7 0.25875 0.41
1 0.098125 0.7508333333333334 0.19625 0.25833333333333336
1 0.64125 0.8983333333333333 0.2575 0.20333333333333334
0 0.60375 0.5675 0.19125 0.28