9 0.699375 0.40166666666666667 0.125 0.16666666666666666
10 0.710625 0.6816666666666666 0.20875 0.31166666666666665
9 0.71625 0.5725 0.18625 0.27
7 0.145 0.6433333333333333 0.165 0.28833333333333333
7 0.568125 0.35583333333333333 0.09875 0.16833333333333333
6 0.51375 0.4716666666666667 0.17375 0.185
6 0.5275 0.6291666666666667 0.16125 0.36
4 0.45125 0.5833333333333334 0.1825 0.3516666666666667
1 0.38625 0.29583333333333334 0.18 0.15833333333333333
1 0.371875 0.4375 0.16 0.24333333333333335
1 0.091875 0.7416666666666667 0.1775 0.31833333333333336
1 0.24 0.8866666666666667 0.24625 0.19
1 0.6975 0.9391666666666667 0.245 0.12166666666666667
0 0.616875 0.5341666666666667 0.1675 0.2683333333333333
10 0.159375 0.4766666666666667 0.115 0.24