0 0.63375 0.525 0.15125 0.25
1 0.095625 0.6908333333333333 0.14 0.38333333333333336
4 0.738125 0.5858333333333333 0.16625 0.25333333333333335
6 0.614375 0.6233333333333333 0.10125 0.365
6 0.52625 0.5783333333333334 0.20375 0.31
6 0.73125 0.4083333333333333 0.11125 0.26
7 0.519375 0.41833333333333333 0.1925 0.23833333333333334
7 0.64375 0.3491666666666667 0.185 0.20333333333333334
7 0.541875 0.24083333333333334 0.135 0.15333333333333332
7 0.325625 0.35833333333333334 0.11375 0.24833333333333332
7 0.279375 0.2708333333333333 0.1925 0.23833333333333334
10 0.453125 0.28583333333333333 0.14375 0.10166666666666667
10 0.37375 0.9591666666666666 0.17125 0.075
10 0.71625 0.9558333333333333 0.2175 0.08833333333333333