6 0.530625 0.35333333333333333 0.140625 0.29083333333333333
3 0.686875 0.3775 0.081875 0.14083333333333334
3 0.71 0.4683333333333333 0.13375 0.1775
3 0.510625 0.5933333333333334 0.190625 0.275
9 0.6975 0.6533333333333333 0.100625 0.36333333333333334
9 0.590625 0.6583333333333333 0.11375 0.32
10 0.553125 0.8375 0.255625 0.24833333333333332
0 0.619375 0.5141666666666667 0.150625 0.24
1 0.52625 0.30666666666666664 0.169375 0.1125
1 0.435 0.45666666666666667 0.156875 0.28
1 0.3125 0.31583333333333335 0.2 0.15
1 0.24875 0.565 0.190625 0.29083333333333333
1 0.15125 0.59 0.145625 0.32166666666666666
1 0.26125 0.86 0.18375 0.25666666666666665
1 0.10625 0.79 0.14875 0.2475
1 0.748125 0.9308333333333333 0.200625 0.13833333333333334
1 0.763125 0.7091666666666666 0.139375 0.3858333333333333