10 0.095 0.7325 0.1625 0.345
10 0.251875 0.3075 0.13 0.28833333333333333
7 0.876875 0.8175 0.19125 0.365
7 0.874375 0.96 0.12875 0.08
7 0.685625 0.7358333333333333 0.28 0.32
6 0.441875 0.27416666666666667 0.095 0.23
6 0.21125 0.5833333333333334 0.29625 0.42
6 0.218125 0.455 0.2575 0.2733333333333333
4 0.5875 0.5041666666666667 0.1775 0.2916666666666667
4 0.36625 0.8616666666666667 0.325 0.27666666666666667
3 0.425625 0.645 0.21625 0.4533333333333333
3 0.484375 0.3908333333333333 0.20375 0.25833333333333336
0 0.365 0.5033333333333333 0.23125 0.33
1 0.8475 0.61 0.1625 0.33666666666666667
1 0.740625 0.9658333333333333 0.28375 0.06833333333333333