10 0.40125 0.2791666666666667 0.171875 0.10916666666666666
10 0.565625 0.29333333333333333 0.095 0.10333333333333333
10 0.70625 0.3475 0.08875 0.1575
10 0.75375 0.5183333333333333 0.1275 0.325
10 0.814375 0.8058333333333333 0.095 0.3016666666666667
10 0.700625 0.6991666666666667 0.1775 0.365
10 0.55 0.9625 0.2175 0.075
10 0.555 0.6358333333333334 0.16375 0.335
10 0.385625 0.5758333333333333 0.22375 0.1475
10 0.273125 0.6841666666666667 0.21875 0.16666666666666666
10 0.428125 0.8708333333333333 0.224375 0.235
10 0.310625 0.8475 0.138125 0.2875
0 0.61625 0.5141666666666667 0.15875 0.235
1 0.184375 0.8275 0.13375 0.25916666666666666
4 0.43 0.455 0.1775 0.17166666666666666
10 0.09 0.8866666666666667 0.113125 0.1125
7 0.74 0.9316666666666666 0.264375 0.13583333333333333