1 0.7525 0.3975 0.21875 0.23833333333333334
10 0.724375 0.29083333333333333 0.18375 0.165
10 0.695 0.20833333333333334 0.175 0.105
10 0.735625 0.6158333333333333 0.1325 0.3433333333333333
10 0.6225 0.59 0.25375 0.31833333333333336
10 0.11875 0.9183333333333333 0.13 0.16333333333333333
10 0.506875 0.9741666666666666 0.28375 0.051666666666666666
9 0.2525 0.7675 0.165 0.465
7 0.518125 0.37916666666666665 0.175 0.3566666666666667
7 0.456875 0.59 0.2125 0.4533333333333333
6 0.355 0.7025 0.17125 0.465
4 0.38875 0.35083333333333333 0.13 0.21333333333333335
1 0.184375 0.49083333333333334 0.11875 0.21666666666666667
0 0.3175 0.5533333333333333 0.20625 0.31166666666666665
1 0.53125 0.29333333333333333 0.18875 0.145
1 0.1775 0.775 0.1775 0.3933333333333333