10 0.3775 0.2916666666666667 0.16375 0.09
10 0.81375 0.8033333333333333 0.081875 0.32166666666666666
9 0.60625 0.6883333333333334 0.0875 0.37833333333333335
7 0.188125 0.3725 0.09375 0.295
6 0.4925 0.43333333333333335 0.19375 0.24166666666666667
6 0.56375 0.3441666666666667 0.0875 0.2675
6 0.708125 0.3883333333333333 0.118125 0.22666666666666666
9 0.708125 0.65 0.135625 0.32666666666666666
7 0.243125 0.2633333333333333 0.1325 0.12083333333333333
1 0.175 0.7541666666666667 0.165 0.31583333333333335
1 0.186875 0.9041666666666667 0.145625 0.16416666666666666
1 0.48875 0.6208333333333333 0.209375 0.21833333333333332
1 0.38125 0.41083333333333333 0.190625 0.2
1 0.74875 0.5408333333333334 0.12625 0.29333333333333333
1 0.698125 0.9491666666666667 0.224375 0.10083333333333333
0 0.618125 0.5191666666666667 0.153125 0.215