10 0.188125 0.835 0.251875 0.2991666666666667
10 0.676875 0.8841666666666667 0.36375 0.23166666666666666
3 0.701875 0.6725 0.154375 0.4525
1 0.755 0.5916666666666667 0.1575 0.4191666666666667
1 0.448125 0.5191666666666667 0.249375 0.36
1 0.515625 0.9058333333333334 0.330625 0.18833333333333332
1 0.183125 0.455 0.13125 0.3433333333333333
1 0.32 0.32 0.218125 0.175
1 0.519375 0.355 0.15625 0.18083333333333335
9 0.6975 0.3491666666666667 0.100625 0.17916666666666667
0 0.616875 0.5175 0.1525 0.24166666666666667