10 0.35875 0.6516666666666666 0.2975 0.24416666666666667
9 0.47625 0.5066666666666667 0.254375 0.22
3 0.58375 0.6916666666666667 0.191875 0.5075
1 0.388125 0.8666666666666667 0.386875 0.26666666666666666
1 0.14625 0.6941666666666667 0.206875 0.4058333333333333
1 0.31125 0.33916666666666667 0.22 0.24083333333333334
1 0.363125 0.4008333333333333 0.2275 0.31583333333333335
1 0.51375 0.3475 0.17625 0.23166666666666666
1 0.701875 0.7083333333333334 0.191875 0.4791666666666667
1 0.764375 0.59 0.1725 0.4708333333333333
10 0.62625 0.37083333333333335 0.259375 0.14416666666666667
0 0.61875 0.5033333333333333 0.151875 0.23833333333333334