3 0.451875 0.6233333333333333 0.21625 0.37
9 0.4775 0.5233333333333333 0.21375 0.30833333333333335
9 0.26625 0.4375 0.17625 0.21
6 0.306875 0.5825 0.205 0.4166666666666667
1 0.285625 0.2925 0.1225 0.21166666666666667
1 0.21 0.615 0.15875 0.34
1 0.384375 0.31166666666666665 0.18 0.225
1 0.546875 0.30916666666666665 0.21125 0.21333333333333335
1 0.608125 0.49083333333333334 0.1975 0.32666666666666666
1 0.744375 0.5291666666666667 0.165 0.24333333333333335
1 0.815625 0.49583333333333335 0.1625 0.2783333333333333
1 0.73625 0.7291666666666666 0.22875 0.315
1 0.85 0.8016666666666666 0.1925 0.39666666666666667
1 0.241875 0.8733333333333333 0.22125 0.17666666666666667
0 0.36875 0.45916666666666667 0.19125 0.2816666666666667