10 0.404375 0.3466666666666667 0.1225 0.18666666666666668
10 0.729375 0.89 0.245625 0.18166666666666667
10 0.23625 0.31833333333333336 0.1325 0.15
7 0.3875 0.6991666666666667 0.190625 0.28833333333333333
7 0.655 0.9358333333333333 0.2025 0.12833333333333333
7 0.29125 0.2925 0.14 0.18666666666666668
6 0.505 0.495 0.19875 0.24
1 0.536875 0.3675 0.14625 0.145
1 0.189375 0.8825 0.226875 0.17416666666666666
1 0.57625 0.6583333333333333 0.22375 0.26666666666666666
1 0.731875 0.655 0.140625 0.3491666666666667
1 0.75125 0.62 0.1375 0.31416666666666665
1 0.725625 0.4533333333333333 0.115625 0.19916666666666666
1 0.70625 0.3408333333333333 0.084375 0.11916666666666667
0 0.61625 0.5083333333333333 0.155625 0.22583333333333333