4 0.46 0.6708333333333333 0.35125 0.5083333333333333
10 0.60125 0.4275 0.1325 0.17833333333333334
1 0.774375 0.5075 0.19 0.335
1 0.401875 0.29083333333333333 0.265 0.24833333333333332
1 0.4425 0.49166666666666664 0.24875 0.43833333333333335
1 0.2025 0.6666666666666666 0.24125 0.5
1 0.691875 0.7641666666666667 0.28875 0.4716666666666667
1 0.760625 0.8141666666666667 0.25125 0.37166666666666665
1 0.506875 0.935 0.28875 0.13
0 0.63625 0.5708333333333333 0.19625 0.29833333333333334
7 0.111875 0.4841666666666667 0.22375 0.5383333333333333