0 0.39875 0.5125 0.185 0.28833333333333333
0 0.40125 0.5108333333333334 0.17875 0.2866666666666667
4 0.835 0.31416666666666665 0.13375 0.19
4 0.929375 0.8683333333333333 0.09625 0.2633333333333333
4 0.2875 0.27166666666666667 0.10625 0.175
6 0.2875 0.4083333333333333 0.18125 0.26166666666666666
6 0.270625 0.6033333333333334 0.2225 0.41
7 0.52875 0.31666666666666665 0.185 0.24
7 0.434375 0.7975 0.325 0.33166666666666667
7 0.54125 0.8833333333333333 0.335 0.23333333333333334
7 0.933125 0.6383333333333333 0.13375 0.37
7 0.746875 0.3675 0.175 0.28833333333333333
7 0.64 0.32083333333333336 0.1475 0.25166666666666665
7 0.52 0.24333333333333335 0.1175 0.15666666666666668
6 0.51625 0.5658333333333333 0.2375 0.2683333333333333
6 0.44625 0.6075 0.2075 0.31166666666666665
7 0.851875 0.9733333333333334 0.20125 0.05333333333333334