6 0.524375 0.38666666666666666 0.159375 0.21916666666666668
6 0.58 0.33 0.068125 0.25416666666666665
6 0.50875 0.54 0.210625 0.21916666666666668
6 0.718125 0.5925 0.1525 0.2675
1 0.215 0.37083333333333335 0.108125 0.18666666666666668
1 0.17375 0.5741666666666667 0.09125 0.23583333333333334
1 0.24 0.71 0.2025 0.3016666666666667
1 0.2025 0.8566666666666667 0.2025 0.2025
1 0.473125 0.30416666666666664 0.178125 0.105
0 0.62125 0.5166666666666667 0.143125 0.23583333333333334
10 0.665625 0.8466666666666667 0.2725 0.21083333333333334
10 0.3325 0.2916666666666667 0.13125 0.08916666666666667
10 0.40875 0.3883333333333333 0.1475 0.155
9 0.6975 0.4066666666666667 0.1125 0.14
10 0.755625 0.525 0.10125 0.26
9 0.588125 0.645 0.131875 0.3475