10 0.486875 0.25333333333333335 0.15125 0.18333333333333332
6 0.30125 0.25583333333333336 0.13125 0.25333333333333335
6 0.35 0.5708333333333333 0.11625 0.3233333333333333
3 0.266875 0.5116666666666667 0.19625 0.20833333333333334
1 0.655625 0.25916666666666666 0.20875 0.17
1 0.846875 0.34 0.14625 0.26
1 0.74125 0.34833333333333333 0.22125 0.19166666666666668
1 0.735625 0.4666666666666667 0.22 0.24333333333333335
1 0.844375 0.6825 0.25125 0.365
1 0.513125 0.5133333333333333 0.22875 0.26
1 0.195 0.8166666666666667 0.1575 0.3233333333333333
10 0.566875 0.6208333333333333 0.2675 0.31333333333333335
0 0.39 0.4483333333333333 0.1825 0.27166666666666667