10 0.231875 0.5391666666666667 0.0775 0.27666666666666667
10 0.705625 0.7333333333333333 0.099375 0.4625
9 0.513125 0.43666666666666665 0.16875 0.16916666666666666
9 0.70625 0.4708333333333333 0.143125 0.13416666666666666
7 0.555 0.30333333333333334 0.091875 0.14666666666666667
7 0.271875 0.235 0.175 0.15416666666666667
6 0.629375 0.6225 0.090625 0.3225
3 0.495625 0.5816666666666667 0.21125 0.24583333333333332
1 0.79125 0.8033333333333333 0.138125 0.36666666666666664
1 0.45625 0.8066666666666666 0.265 0.2825
1 0.32 0.845 0.20125 0.2941666666666667
1 0.15625 0.6833333333333333 0.11625 0.325
1 0.179375 0.44083333333333335 0.115 0.25333333333333335
1 0.2725 0.4091666666666667 0.08 0.23416666666666666
1 0.339375 0.3825 0.1075 0.20916666666666667
0 0.62125 0.505 0.143125 0.25166666666666665