10 0.178125 0.35083333333333333 0.15 0.265
10 0.3225 0.9341666666666667 0.19 0.11
10 0.505625 0.8025 0.19625 0.395
6 0.495 0.5558333333333333 0.2425 0.31166666666666665
9 0.520625 0.42833333333333334 0.16625 0.19666666666666666
9 0.56 0.36916666666666664 0.10625 0.20333333333333334
6 0.585 0.6566666666666666 0.115 0.33166666666666667
7 0.643125 0.6708333333333333 0.1275 0.415
1 0.274375 0.27166666666666667 0.1725 0.165
1 0.330625 0.4475 0.20875 0.23833333333333334
1 0.084375 0.6475 0.16875 0.365
1 0.713125 0.8066666666666666 0.16875 0.38666666666666666
1 0.708125 0.4825 0.12125 0.27166666666666667
0 0.615625 0.53 0.15625 0.245