7 0.414375 0.8325 0.23875 0.335
6 0.455 0.4175 0.20375 0.23
3 0.23375 0.6316666666666667 0.18125 0.24333333333333335
4 0.391875 0.6708333333333333 0.11125 0.42333333333333334
9 0.325 0.75 0.145 0.4033333333333333
10 0.56375 0.40166666666666667 0.19375 0.16833333333333333
10 0.281875 0.45 0.21 0.175
10 0.224375 0.35 0.06625 0.09666666666666666
0 0.3425 0.5508333333333333 0.175 0.23666666666666666
1 0.893125 0.7416666666666667 0.14875 0.4083333333333333
1 0.775625 0.5808333333333333 0.14875 0.325
1 0.639375 0.48833333333333334 0.15 0.24333333333333335
1 0.739375 0.3516666666666667 0.1175 0.22666666666666666
1 0.559375 0.31666666666666665 0.185 0.13333333333333333
1 0.25875 0.9591666666666666 0.2275 0.08166666666666667
1 0.688125 0.9575 0.2275 0.075