0 0.37 0.4875 0.165 0.265
3 0.265 0.5066666666666667 0.17875 0.28833333333333333
6 0.325625 0.33166666666666667 0.08 0.16833333333333333
6 0.4925 0.4075 0.21 0.21833333333333332
6 0.475625 0.5041666666666667 0.2125 0.23666666666666666
7 0.2575 0.76 0.22625 0.41833333333333333
7 0.698125 0.325 0.155 0.20333333333333334
7 0.600625 0.42916666666666664 0.1125 0.32
7 0.716875 0.4066666666666667 0.13625 0.225
7 0.7475 0.6008333333333333 0.225 0.41
9 0.366875 0.6791666666666667 0.1375 0.43
10 0.294375 0.265 0.0625 0.09833333333333333
10 0.57 0.29833333333333334 0.12375 0.09666666666666666
10 0.82875 0.48333333333333334 0.11125 0.235
9 0.461875 0.36916666666666664 0.1425 0.15333333333333332