0 0.620625 0.5041666666666667 0.148125 0.21416666666666667
1 0.53125 0.29833333333333334 0.150625 0.12666666666666668
1 0.39625 0.30916666666666665 0.12125 0.105
1 0.250625 0.32083333333333336 0.139375 0.13916666666666666
1 0.1725 0.8633333333333333 0.18 0.19416666666666665
1 0.3925 0.8841666666666667 0.2375 0.23166666666666666
1 0.5475 0.9441666666666667 0.185625 0.11083333333333334
3 0.638125 0.6491666666666667 0.10375 0.30083333333333334
7 0.453125 0.4575 0.175625 0.21916666666666668
1 0.489375 0.42583333333333334 0.18 0.16333333333333333
7 0.455 0.6225 0.156875 0.32083333333333336
7 0.711875 0.8216666666666667 0.206875 0.1925
6 0.549375 0.625 0.084375 0.32
10 0.724375 0.5433333333333333 0.125625 0.2525
10 0.711875 0.3541666666666667 0.095 0.13583333333333333
10 0.808125 0.8333333333333334 0.12 0.30416666666666664
7 0.318125 0.395 0.101875 0.28