7 0.283125 0.24916666666666668 0.133125 0.14833333333333334
7 0.234375 0.32166666666666666 0.136875 0.1875
6 0.53 0.5941666666666666 0.146875 0.26666666666666666
3 0.529375 0.39666666666666667 0.160625 0.13333333333333333
9 0.605 0.6783333333333333 0.1375 0.39916666666666667
10 0.5525 0.31 0.11375 0.10833333333333334
10 0.243125 0.46 0.13875 0.16916666666666666
0 0.618125 0.505 0.149375 0.23666666666666666
1 0.17375 0.6108333333333333 0.138125 0.2941666666666667
1 0.421875 0.31583333333333335 0.161875 0.13083333333333333
1 0.733125 0.4583333333333333 0.10125 0.27666666666666667
1 0.740625 0.7391666666666666 0.16375 0.3675
1 0.32625 0.9008333333333334 0.225 0.19833333333333333
1 0.13125 0.8616666666666667 0.185 0.1875
10 0.65 0.9666666666666667 0.256875 0.06666666666666667