10 0.556875 0.255 0.19625 0.155
10 0.173125 0.8866666666666667 0.14375 0.22666666666666666
9 0.381875 0.7683333333333333 0.16875 0.445
7 0.78 0.2791666666666667 0.15875 0.355
6 0.458125 0.4508333333333333 0.25875 0.33166666666666667
6 0.363125 0.375 0.1475 0.3233333333333333
6 0.2125 0.47333333333333333 0.1725 0.29
9 0.263125 0.76 0.21125 0.405
7 0.699375 0.17916666666666667 0.16875 0.17666666666666667
1 0.8675 0.6958333333333333 0.24125 0.4033333333333333
1 0.876875 0.8333333333333334 0.18 0.17
1 0.4975 0.6541666666666667 0.27125 0.31
1 0.575625 0.38666666666666666 0.24625 0.2833333333333333
1 0.1975 0.655 0.195 0.365
0 0.336875 0.5866666666666667 0.20875 0.2866666666666667