0 0.61625 0.5141666666666667 0.1575 0.23583333333333334
1 0.735 0.39416666666666667 0.089375 0.2325
1 0.6375 0.3875 0.165 0.17166666666666666
6 0.505 0.4666666666666667 0.2125 0.20416666666666666
1 0.480625 0.4683333333333333 0.178125 0.285
1 0.45125 0.3725 0.16875 0.19416666666666665
1 0.33375 0.35333333333333333 0.16 0.17083333333333334
4 0.26625 0.35333333333333333 0.106875 0.13583333333333333
1 0.255 0.31083333333333335 0.125 0.10583333333333333
1 0.266875 0.5266666666666666 0.136875 0.27
1 0.0825 0.77 0.094375 0.2633333333333333
7 0.719375 0.88 0.21375 0.23166666666666666
7 0.155 0.9141666666666667 0.16875 0.105
10 0.175 0.4166666666666667 0.094375 0.23
10 0.541875 0.2891666666666667 0.095625 0.08833333333333333
10 0.7625 0.6225 0.13375 0.3283333333333333