10 0.126875 0.6 0.089375 0.30416666666666664
10 0.185 0.5508333333333333 0.09125 0.28583333333333333
10 0.82125 0.83 0.088125 0.29333333333333333
6 0.729375 0.5658333333333333 0.178125 0.2825
10 0.746875 0.5141666666666667 0.119375 0.25833333333333336
10 0.431875 0.2925 0.13 0.09
9 0.514375 0.585 0.215 0.28
6 0.50625 0.4325 0.204375 0.215
9 0.543125 0.39166666666666666 0.13 0.15833333333333333
7 0.2225 0.37 0.144375 0.1725
7 0.24 0.32083333333333336 0.13125 0.14916666666666667
7 0.366875 0.3566666666666667 0.13 0.20666666666666667
7 0.530625 0.2575 0.148125 0.19166666666666668
0 0.614375 0.5141666666666667 0.160625 0.24583333333333332
1 0.62 0.7758333333333334 0.183125 0.30083333333333334