0 0.6175 0.5133333333333333 0.15 0.22666666666666666
6 0.56625 0.6316666666666667 0.17 0.36583333333333334
6 0.715625 0.355 0.12875 0.21
7 0.719375 0.6816666666666666 0.24625 0.20916666666666667
10 0.736875 0.9391666666666667 0.248125 0.12166666666666667
10 0.40625 0.9575 0.1325 0.08416666666666667
10 0.51125 0.8441666666666666 0.24625 0.31083333333333335
10 0.19125 0.9366666666666666 0.145 0.085
10 0.183125 0.64 0.1125 0.3616666666666667
10 0.425625 0.28833333333333333 0.21125 0.1075
10 0.48375 0.4141666666666667 0.104375 0.2633333333333333
10 0.393125 0.45916666666666667 0.185625 0.1525
9 0.72875 0.5283333333333333 0.161875 0.21083333333333334
9 0.51875 0.6083333333333333 0.181875 0.32
4 0.4 0.5875 0.11875 0.35333333333333333
7 0.6575 0.79 0.25125 0.2125