1 0.1525 0.5608333333333333 0.20375 0.3283333333333333
1 0.185 0.875 0.25375 0.16333333333333333
1 0.770625 0.8058333333333333 0.23125 0.3883333333333333
1 0.554375 0.8533333333333334 0.30875 0.29333333333333333
1 0.35125 0.28 0.17375 0.17166666666666666
6 0.564375 0.3416666666666667 0.2075 0.32666666666666666
7 0.483125 0.35833333333333334 0.265 0.32166666666666666
1 0.548125 0.27166666666666667 0.18375 0.14833333333333334
9 0.744375 0.5275 0.16875 0.21833333333333332
8 0.696875 0.705 0.18625 0.4083333333333333
7 0.273125 0.18083333333333335 0.195 0.245
9 0.503125 0.6108333333333333 0.2425 0.33166666666666667
9 0.59875 0.7358333333333333 0.19625 0.4583333333333333
9 0.721875 0.4275 0.09 0.155
10 0.311875 0.64 0.235 0.26666666666666666
0 0.641875 0.5375 0.19875 0.31166666666666665