7 0.196875 0.1775 0.16625 0.19
7 0.135 0.255 0.1725 0.23666666666666666
6 0.4575 0.6116666666666667 0.19125 0.3283333333333333
3 0.47125 0.38166666666666665 0.19625 0.17666666666666667
9 0.536875 0.7191666666666666 0.18875 0.4816666666666667
10 0.504375 0.28583333333333333 0.14 0.14
10 0.135625 0.4166666666666667 0.17375 0.215
0 0.565625 0.52 0.19125 0.29333333333333333
1 0.066875 0.5841666666666666 0.13375 0.355
1 0.353125 0.27416666666666667 0.1975 0.17333333333333334
1 0.7025 0.48083333333333333 0.1375 0.3333333333333333
1 0.69 0.7916666666666666 0.2175 0.4166666666666667
1 0.20125 0.8958333333333334 0.27 0.17
1 0.04375 0.8541666666666666 0.0875 0.195