0 0.38 0.5366666666666666 0.1575 0.24333333333333335
1 0.675 0.8333333333333334 0.2325 0.3333333333333333
1 0.865 0.9175 0.2075 0.165
1 0.826875 0.445 0.13625 0.24
1 0.704375 0.33 0.175 0.125
6 0.430625 0.3858333333333333 0.08 0.21
6 0.461875 0.6058333333333333 0.15625 0.31
6 0.27875 0.4475 0.14125 0.20333333333333334
6 0.26625 0.645 0.165 0.335
6 0.389375 0.6758333333333333 0.09875 0.40166666666666667
7 0.32 0.7125 0.09125 0.475
7 0.186875 0.5758333333333333 0.11125 0.38666666666666666
10 0.280625 0.32 0.075 0.105
10 0.49 0.31666666666666665 0.145 0.13
10 0.885625 0.6708333333333333 0.14125 0.325
10 0.225625 0.9475 0.21875 0.09666666666666666