4 0.080625 0.6875 0.16125 0.505
6 0.445625 0.3308333333333333 0.24625 0.33
4 0.4425 0.2 0.11125 0.255
6 0.178125 0.5841666666666666 0.2025 0.43666666666666665
4 0.165 0.4708333333333333 0.1875 0.3283333333333333
9 0.379375 0.2675 0.105 0.23333333333333334
6 0.18 0.3233333333333333 0.165 0.2633333333333333
6 0.2125 0.25666666666666665 0.16625 0.24166666666666667
6 0.29125 0.6225 0.1525 0.4533333333333333
9 0.4175 0.5675 0.2475 0.345
0 0.304375 0.4558333333333333 0.20125 0.3
1 0.7425 0.42583333333333334 0.22125 0.2633333333333333
1 0.829375 0.6108333333333333 0.14875 0.34
1 0.58 0.7458333333333333 0.2875 0.385
1 0.313125 0.9425 0.28375 0.10666666666666667
1 0.89625 0.8316666666666667 0.1725 0.33666666666666667