1 0.201875 0.41333333333333333 0.16125 0.2966666666666667
1 0.21625 0.8375 0.1775 0.28833333333333333
1 0.66 0.8375 0.285 0.325
6 0.59125 0.32666666666666666 0.1425 0.2783333333333333
6 0.54625 0.49333333333333335 0.20125 0.23666666666666666
6 0.56625 0.6066666666666667 0.17875 0.335
6 0.77 0.44083333333333335 0.16875 0.24333333333333335
6 0.739375 0.37833333333333335 0.1025 0.23333333333333334
6 0.759375 0.6725 0.19375 0.3616666666666667
6 0.61875 0.6616666666666666 0.14625 0.3516666666666667
7 0.846875 0.6791666666666667 0.14125 0.415
10 0.10625 0.7575 0.1875 0.305
10 0.3525 0.9225 0.31 0.155
10 0.4625 0.3016666666666667 0.1725 0.16
0 0.665625 0.5358333333333334 0.16875 0.2783333333333333