4 0.485 0.405 0.136875 0.21166666666666667
7 0.0625 0.7516666666666667 0.124375 0.25083333333333335
7 0.33625 0.4775 0.1125 0.275
7 0.5275 0.2775 0.159375 0.1625
7 0.73 0.31333333333333335 0.07 0.195
7 0.545625 0.5808333333333333 0.24625 0.23083333333333333
7 0.66375 0.6041666666666666 0.193125 0.2916666666666667
7 0.75125 0.6808333333333333 0.084375 0.4425
7 0.435 0.8466666666666667 0.2275 0.30583333333333335
10 0.39625 0.3475 0.19125 0.13416666666666666
10 0.416875 0.2725 0.11875 0.06833333333333333
10 0.29125 0.2833333333333333 0.145 0.11583333333333333
10 0.2025 0.36916666666666664 0.11625 0.23333333333333334
10 0.2075 0.5108333333333334 0.155 0.15583333333333332
10 0.650625 0.925 0.21875 0.15
10 0.80375 0.72 0.09625 0.36666666666666664
0 0.618125 0.5066666666666667 0.155 0.21166666666666667