0 0.62 0.5266666666666666 0.14125 0.23
1 0.185625 0.5358333333333334 0.123125 0.18416666666666667
1 0.435 0.9383333333333334 0.2225 0.12333333333333334
1 0.15125 0.8933333333333333 0.19 0.1625
1 0.185 0.7683333333333333 0.135625 0.345
3 0.54 0.6283333333333333 0.210625 0.2625
10 0.719375 0.6516666666666666 0.175625 0.24083333333333334
6 0.696875 0.62 0.131875 0.32083333333333336
3 0.721875 0.5133333333333333 0.146875 0.17666666666666667
6 0.510625 0.5333333333333333 0.199375 0.20666666666666667
3 0.494375 0.47583333333333333 0.2025 0.15
6 0.536875 0.3416666666666667 0.135 0.2325
7 0.511875 0.25833333333333336 0.1325 0.14333333333333334
9 0.6775 0.4025 0.085 0.17416666666666666
10 0.76625 0.8275 0.114375 0.3441666666666667
10 0.71875 0.30916666666666665 0.0475 0.0675