10 0.494375 0.32083333333333336 0.16625 0.245
10 0.816875 0.9483333333333334 0.29125 0.10333333333333333
10 0.2975 0.25416666666666665 0.17375 0.20333333333333334
7 0.43625 0.7375 0.2575 0.38
7 0.73125 0.9866666666666667 0.245 0.02666666666666667
7 0.365625 0.23416666666666666 0.18625 0.24833333333333332
6 0.5975 0.5166666666666667 0.2625 0.3233333333333333
1 0.649375 0.37166666666666665 0.19 0.2
1 0.1825 0.88 0.2825 0.185
1 0.664375 0.7241666666666666 0.295 0.36
1 0.84875 0.7508333333333334 0.205 0.44166666666666665
1 0.875 0.7133333333333334 0.1975 0.4
1 0.86375 0.51 0.15875 0.25833333333333336
1 0.853125 0.37333333333333335 0.1125 0.15833333333333333
0 0.728125 0.5541666666666667 0.21 0.29833333333333334