10 0.191875 0.41083333333333333 0.125 0.23833333333333334
10 0.3825 0.955 0.179375 0.08916666666666667
10 0.5475 0.8066666666666666 0.156875 0.3858333333333333
6 0.515 0.5583333333333333 0.211875 0.26916666666666667
9 0.5275 0.43166666666666664 0.14625 0.16833333333333333
9 0.560625 0.36833333333333335 0.086875 0.18416666666666667
6 0.610625 0.6408333333333334 0.08375 0.31083333333333335
7 0.6675 0.6458333333333334 0.089375 0.3908333333333333
1 0.2775 0.32 0.155625 0.13416666666666666
1 0.346875 0.48 0.185625 0.20166666666666666
1 0.12375 0.7125 0.143125 0.3325
1 0.749375 0.7816666666666666 0.128125 0.39166666666666666
1 0.713125 0.455 0.095 0.25
0 0.628125 0.5141666666666667 0.131875 0.21666666666666667