0 0.608125 0.4475 0.1975 0.2966666666666667
1 0.70125 0.3125 0.1625 0.27
1 0.26875 0.29 0.17125 0.18333333333333332
1 0.38 0.6 0.29625 0.34
1 0.0975 0.6016666666666667 0.195 0.35333333333333333
1 0.13125 0.8408333333333333 0.165 0.31833333333333336
1 0.786875 0.7975 0.19125 0.33166666666666667
3 0.506875 0.4116666666666667 0.19375 0.2866666666666667
4 0.141875 0.32 0.085 0.2
6 0.586875 0.6016666666666667 0.17375 0.4083333333333333
10 0.405 0.23916666666666667 0.20125 0.15
10 0.436875 0.4708333333333333 0.14625 0.26666666666666666
10 0.30375 0.9091666666666667 0.31 0.18166666666666667
9 0.75375 0.5533333333333333 0.24125 0.335
10 0.611875 0.9616666666666667 0.24875 0.07666666666666666