3 0.7 0.4766666666666667 0.2225 0.2633333333333333
3 0.505625 0.3016666666666667 0.1825 0.19
6 0.695 0.30083333333333334 0.1225 0.245
6 0.52 0.5633333333333334 0.13625 0.4116666666666667
10 0.613125 0.7775 0.13875 0.39
10 0.235625 0.15666666666666668 0.18375 0.18666666666666668
10 0.16 0.3825 0.135 0.3233333333333333
10 0.38 0.19833333333333333 0.1975 0.2
0 0.59625 0.4725 0.2 0.3
1 0.7225 0.7458333333333333 0.2525 0.44333333333333336
1 0.474375 0.9216666666666666 0.27375 0.15666666666666668
1 0.546875 0.23666666666666666 0.13125 0.16166666666666665
1 0.415625 0.42916666666666664 0.23625 0.235
1 0.41625 0.5808333333333333 0.2075 0.41333333333333333
1 0.13125 0.24416666666666667 0.1525 0.285
1 0.055625 0.48083333333333333 0.11125 0.34833333333333333