10 0.125 0.8258333333333333 0.1175 0.335
10 0.218125 0.36666666666666664 0.0925 0.2683333333333333
7 0.895625 0.705 0.14375 0.33666666666666667
7 0.933125 0.9025 0.12625 0.17833333333333334
7 0.6975 0.6725 0.245 0.26
6 0.396875 0.28583333333333333 0.065 0.215
6 0.216875 0.6433333333333333 0.2475 0.36
6 0.205625 0.5175 0.22875 0.21833333333333332
4 0.570625 0.4725 0.14125 0.25833333333333336
4 0.40625 0.8858333333333334 0.2975 0.22833333333333333
3 0.43375 0.6491666666666667 0.1575 0.4166666666666667
3 0.454375 0.3875 0.175 0.21666666666666667
0 0.355 0.5275 0.19125 0.2833333333333333
1 0.836875 0.5091666666666667 0.12 0.31
1 0.791875 0.9391666666666667 0.27125 0.12166666666666667