10 0.96125 0.7958333333333333 0.07375 0.2783333333333333
9 0.419375 0.655 0.1775 0.38
7 0.84125 0.30583333333333335 0.12875 0.24666666666666667
7 0.9325 0.9183333333333333 0.125 0.14666666666666667
7 0.310625 0.8641666666666666 0.28 0.27
7 0.134375 0.9258333333333333 0.20875 0.135
7 0.238125 0.31916666666666665 0.0775 0.29333333333333333
7 0.43625 0.2891666666666667 0.115 0.23166666666666666
7 0.695 0.37666666666666665 0.1575 0.29
6 0.4925 0.5191666666666667 0.23875 0.21666666666666667
6 0.30125 0.35333333333333333 0.0775 0.22833333333333333
0 0.366875 0.4891666666666667 0.16625 0.22666666666666666
1 0.67875 0.29583333333333334 0.15625 0.10833333333333334
1 0.878125 0.7508333333333334 0.1375 0.38
4 0.4875 0.28833333333333333 0.0875 0.205
3 0.32875 0.6466666666666666 0.10875 0.38666666666666666