0 0.63875 0.5066666666666667 0.16375 0.25333333333333335
4 0.201875 0.3566666666666667 0.10875 0.27166666666666667
6 0.544375 0.3541666666666667 0.155 0.24166666666666667
7 0.526875 0.2791666666666667 0.16 0.17166666666666666
7 0.451875 0.42 0.175 0.30666666666666664
7 0.581875 0.6175 0.2425 0.3016666666666667
7 0.379375 0.5616666666666666 0.14875 0.36
10 0.274375 0.3 0.12875 0.12
10 0.393125 0.2966666666666667 0.13625 0.115
10 0.753125 0.3616666666666667 0.11125 0.19
10 0.818125 0.705 0.1025 0.35333333333333333
10 0.7775 0.5891666666666666 0.085 0.4066666666666667
10 0.723125 0.5716666666666667 0.1 0.32666666666666666
10 0.760625 0.9775 0.25875 0.03333333333333333
10 0.41 0.9683333333333334 0.1425 0.06333333333333334