7 0.815 0.7283333333333334 0.15125 0.3616666666666667
7 0.495625 0.6825 0.2025 0.2733333333333333
7 0.44 0.4716666666666667 0.20125 0.19
7 0.459375 0.2916666666666667 0.10125 0.15333333333333332
6 0.5475 0.3333333333333333 0.11875 0.21666666666666667
7 0.5475 0.25 0.095 0.16666666666666666
6 0.5025 0.4141666666666667 0.20875 0.18
6 0.51625 0.54 0.19625 0.23
6 0.626875 0.6291666666666667 0.08375 0.375
6 0.711875 0.6366666666666667 0.1375 0.37333333333333335
6 0.704375 0.35333333333333333 0.09875 0.21833333333333332
3 0.72125 0.47833333333333333 0.13 0.18333333333333332