10 0.770625 0.4666666666666667 0.155 0.3516666666666667
10 0.585625 0.6283333333333333 0.24625 0.37333333333333335
10 0.52125 0.38 0.17875 0.27
10 0.68 0.2608333333333333 0.09625 0.13333333333333333
10 0.455625 0.32166666666666666 0.185 0.18166666666666667
10 0.26125 0.37083333333333335 0.14125 0.16333333333333333
10 0.31375 0.5433333333333333 0.15875 0.30666666666666664
10 0.179375 0.4675 0.11625 0.22
4 0.37125 0.305 0.17625 0.18166666666666667
1 0.1625 0.7183333333333334 0.1775 0.315
1 0.185 0.8691666666666666 0.22 0.26166666666666666
1 0.464375 0.7575 0.28125 0.3516666666666667
1 0.78625 0.8183333333333334 0.26625 0.2733333333333333
1 0.720625 0.6283333333333333 0.16625 0.33166666666666667
0 0.62 0.48 0.1925 0.2833333333333333