0 0.624375 0.5108333333333334 0.13625 0.23166666666666666
1 0.109375 0.7208333333333333 0.1175 0.3625
4 0.728125 0.5608333333333333 0.150625 0.23416666666666666
6 0.61 0.6091666666666666 0.080625 0.3475
6 0.521875 0.5725 0.18375 0.285
6 0.711875 0.3883333333333333 0.095 0.24416666666666667
7 0.5075 0.4175 0.1775 0.21666666666666667
7 0.625 0.33916666666666667 0.170625 0.18166666666666667
7 0.52 0.24333333333333335 0.124375 0.13916666666666666
7 0.31625 0.3775 0.09875 0.2325
7 0.266875 0.2966666666666667 0.1775 0.21583333333333332
10 0.43625 0.295 0.136875 0.08666666666666667
10 0.394375 0.9641666666666666 0.164375 0.07166666666666667
10 0.728125 0.945 0.20625 0.11