0 0.618125 0.505 0.15375 0.2125
1 0.558125 0.365 0.104375 0.16583333333333333
1 0.43625 0.385 0.1725 0.17333333333333334
1 0.425 0.31416666666666665 0.20375 0.13333333333333333
1 0.253125 0.3825 0.165625 0.15083333333333335
1 0.25125 0.5491666666666667 0.19625 0.23083333333333333
1 0.216875 0.7983333333333333 0.1875 0.30666666666666664
1 0.315625 0.9316666666666666 0.214375 0.13666666666666666
1 0.55125 0.7716666666666666 0.164375 0.3625
1 0.736875 0.94 0.1925 0.12
6 0.6525 0.6166666666666667 0.13625 0.3433333333333333
7 0.068125 0.8091666666666667 0.099375 0.2025
10 0.15625 0.6475 0.10625 0.24416666666666667
10 0.508125 0.5175 0.12 0.295
10 0.79625 0.6925 0.09625 0.31583333333333335
9 0.7175 0.4891666666666667 0.1375 0.11916666666666667