0 0.378125 0.5158333333333334 0.17 0.25166666666666665
6 0.438125 0.6341666666666667 0.19875 0.3983333333333333
6 0.26625 0.3591666666666667 0.14625 0.23166666666666666
7 0.280625 0.7016666666666667 0.27 0.24333333333333335
10 0.275625 0.9483333333333334 0.26625 0.10333333333333333
10 0.62375 0.9516666666666667 0.14375 0.08833333333333333
10 0.50625 0.8383333333333334 0.275 0.3233333333333333
10 0.846875 0.9166666666666666 0.15625 0.10333333333333333
10 0.839375 0.6058333333333333 0.1375 0.39
10 0.56625 0.26166666666666666 0.2275 0.13333333333333333
10 0.513125 0.3983333333333333 0.12375 0.285
10 0.609375 0.4375 0.2025 0.17833333333333334
9 0.261875 0.5425 0.18125 0.23666666666666666
9 0.48625 0.605 0.2075 0.3516666666666667
4 0.609375 0.5725 0.14375 0.38166666666666665
7 0.35125 0.8083333333333333 0.275 0.24666666666666667