0 0.615 0.5058333333333334 0.156875 0.22666666666666666
1 0.30375 0.3308333333333333 0.1475 0.16333333333333333
1 0.509375 0.31916666666666665 0.180625 0.15833333333333333
1 0.479375 0.7208333333333333 0.21375 0.3641666666666667
1 0.289375 0.8691666666666666 0.21 0.25
1 0.193125 0.5983333333333334 0.131875 0.3575
4 0.334375 0.6516666666666666 0.09625 0.41833333333333333
6 0.5325 0.37333333333333335 0.13 0.27
7 0.66875 0.6691666666666667 0.216875 0.27
7 0.06375 0.7491666666666666 0.12125 0.27
7 0.4075 0.38 0.065 0.2525
10 0.259375 0.5791666666666667 0.121875 0.29333333333333333
10 0.13125 0.6116666666666667 0.09 0.29083333333333333
10 0.51 0.9225 0.261875 0.155
10 0.780625 0.915 0.175625 0.16333333333333333
10 0.77125 0.5775 0.08875 0.285