9 0.646875 0.7333333333333333 0.30375 0.5333333333333333
10 0.594375 0.3958333333333333 0.23125 0.43166666666666664
7 0.866875 0.7383333333333333 0.22375 0.48333333333333334
7 0.83625 0.435 0.21875 0.45
4 0.496875 0.39166666666666666 0.23875 0.385
3 0.5575 0.6533333333333333 0.31 0.5483333333333333
1 0.225625 0.36083333333333334 0.29125 0.49333333333333335
1 0.36 0.33416666666666667 0.29375 0.425
1 0.288125 0.6933333333333334 0.41125 0.51
1 0.209375 0.7825 0.41875 0.37833333333333335
1 0.625 0.8991666666666667 0.44 0.20166666666666666
0 0.704375 0.5508333333333333 0.21875 0.30833333333333335