10 0.13875 0.6983333333333334 0.17125 0.37583333333333335
10 0.4425 0.7091666666666666 0.171875 0.49916666666666665
10 0.35625 0.9533333333333334 0.275 0.0925
6 0.584375 0.6708333333333333 0.12375 0.47
3 0.699375 0.6825 0.135625 0.4741666666666667
9 0.7425 0.5833333333333334 0.176875 0.36666666666666664
0 0.61375 0.5083333333333333 0.15125 0.22166666666666668
1 0.519375 0.3725 0.1925 0.2025
1 0.658125 0.335 0.20625 0.195
1 0.72875 0.895 0.288125 0.20916666666666667
1 0.23 0.43166666666666664 0.183125 0.31833333333333336