10 0.473125 0.30833333333333335 0.14125 0.17333333333333334
6 0.301875 0.30666666666666664 0.12375 0.23666666666666666
6 0.34375 0.6 0.11125 0.3
3 0.266875 0.5433333333333333 0.18375 0.19666666666666666
1 0.629375 0.3175 0.195 0.16
1 0.805 0.3975 0.1375 0.24333333333333335
1 0.706875 0.4025 0.20625 0.18166666666666667
1 0.700625 0.5116666666666667 0.205 0.22833333333333333
1 0.799375 0.7125 0.23625 0.34
1 0.494375 0.5491666666666667 0.215 0.245
1 0.1975 0.8216666666666667 0.14875 0.3016666666666667
10 0.543125 0.65 0.25 0.29333333333333333
0 0.38125 0.4866666666666667 0.17125 0.25333333333333335