9 0.595625 0.75 0.28375 0.5
10 0.544375 0.43333333333333335 0.2175 0.4083333333333333
7 0.80125 0.7566666666666667 0.21125 0.45666666666666667
7 0.7725 0.4691666666666667 0.20625 0.425
4 0.451875 0.42916666666666664 0.225 0.36333333333333334
3 0.50875 0.6758333333333333 0.2925 0.5183333333333333
1 0.196875 0.4 0.275 0.465
1 0.3225 0.37416666666666665 0.2775 0.40166666666666667
1 0.254375 0.7141666666666666 0.3875 0.4816666666666667
1 0.189375 0.79 0.37875 0.34
1 0.57375 0.9066666666666666 0.4125 0.18666666666666668
0 0.6475 0.5791666666666667 0.2075 0.2916666666666667