0 0.62125 0.5033333333333333 0.148125 0.21916666666666668
1 0.42875 0.4741666666666667 0.19625 0.24166666666666667
1 0.26 0.4975 0.160625 0.2475
1 0.2675 0.3825 0.131875 0.17166666666666666
1 0.474375 0.895 0.236875 0.20916666666666667
1 0.70125 0.8766666666666667 0.2125 0.24666666666666667
1 0.729375 0.43916666666666665 0.12125 0.26416666666666666
3 0.503125 0.55 0.194375 0.24833333333333332
6 0.59625 0.6158333333333333 0.101875 0.3408333333333333
6 0.67375 0.635 0.081875 0.3625
7 0.5125 0.4075 0.18 0.18833333333333332
10 0.35875 0.30916666666666665 0.139375 0.1175
10 0.19625 0.8783333333333333 0.213125 0.19666666666666666
10 0.72625 0.6125 0.10125 0.2475
10 0.23375 0.3225 0.12125 0.14583333333333334