6 0.765625 0.5816666666666667 0.24375 0.44
7 0.893125 0.7558333333333334 0.17375 0.355
10 0.525625 0.6966666666666667 0.3275 0.485
10 0.504375 0.305 0.165 0.16166666666666665
10 0.3575 0.7791666666666667 0.35125 0.3333333333333333
10 0.219375 0.9766666666666667 0.24125 0.04666666666666667
0 0.62125 0.53 0.1975 0.2916666666666667
1 0.72625 0.3575 0.1425 0.265
1 0.43875 0.4375 0.29375 0.22833333333333333
1 0.1675 0.48833333333333334 0.21 0.3466666666666667
1 0.229375 0.6691666666666667 0.31125 0.36833333333333335
1 0.184375 0.8866666666666667 0.28375 0.22666666666666666
1 0.46375 0.8775 0.365 0.245