0 0.629375 0.54 0.1775 0.26666666666666666
7 0.480625 0.3858333333333333 0.19125 0.29333333333333333
7 0.763125 0.47583333333333333 0.17 0.2816666666666667
7 0.729375 0.2916666666666667 0.1025 0.16666666666666666
7 0.284375 0.3441666666666667 0.1525 0.18
7 0.155 0.5716666666666667 0.12625 0.26166666666666666
7 0.076875 0.6616666666666666 0.12875 0.24666666666666667
7 0.096875 0.8741666666666666 0.17375 0.25166666666666665
7 0.365625 0.9 0.22875 0.2
7 0.578125 0.8033333333333333 0.17875 0.3933333333333333
7 0.815 0.7833333333333333 0.17125 0.4
7 0.815625 0.9225 0.2625 0.13
4 0.12625 0.805 0.225 0.27166666666666667