7 0.42875 0.21 0.175 0.21916666666666668
7 0.774375 0.8475 0.290625 0.30416666666666664
6 0.494375 0.31833333333333336 0.226875 0.2791666666666667
6 0.47375 0.4791666666666667 0.2675 0.30416666666666664
4 0.73375 0.41583333333333333 0.136875 0.2775
1 0.543125 0.7241666666666666 0.323125 0.3566666666666667
1 0.19375 0.47833333333333333 0.195 0.36
0 0.615 0.5125 0.150625 0.24416666666666667
10 0.28875 0.2833333333333333 0.2025 0.125
10 0.343125 0.94 0.27625 0.12
10 0.185 0.7733333333333333 0.233125 0.33666666666666667
9 0.731875 0.6525 0.19875 0.4091666666666667