3 0.47 0.6458333333333334 0.17375 0.3283333333333333
9 0.4825 0.545 0.18 0.26666666666666666
9 0.27375 0.5066666666666667 0.1525 0.17333333333333334
6 0.3275 0.6358333333333334 0.15625 0.38
1 0.275 0.365 0.09875 0.18833333333333332
1 0.239375 0.685 0.11875 0.31166666666666665
1 0.37125 0.36333333333333334 0.155 0.18833333333333332
1 0.524375 0.32916666666666666 0.18875 0.17
1 0.601875 0.4875 0.16 0.29
1 0.735625 0.49666666666666665 0.13875 0.21
1 0.799375 0.4525 0.13125 0.24666666666666667
1 0.750625 0.6891666666666667 0.19375 0.27
1 0.866875 0.7383333333333333 0.145 0.37166666666666665
1 0.29875 0.925 0.20375 0.13333333333333333
0 0.371875 0.5066666666666667 0.16 0.245