1 0.516875 0.33416666666666667 0.1925 0.21166666666666667
7 0.631875 0.49333333333333335 0.2325 0.2633333333333333
1 0.63875 0.4141666666666667 0.2475 0.20666666666666667
1 0.675 0.3516666666666667 0.1875 0.16833333333333333
1 0.781875 0.4716666666666667 0.13375 0.22666666666666666
1 0.836875 0.8541666666666666 0.19125 0.2916666666666667
1 0.696875 0.91 0.25375 0.18
1 0.2025 0.6241666666666666 0.215 0.44333333333333336
4 0.29 0.42583333333333334 0.1675 0.25666666666666665
0 0.384375 0.485 0.1925 0.28
10 0.280625 0.6283333333333333 0.2675 0.38166666666666665
10 0.596875 0.7283333333333334 0.17625 0.37666666666666665
10 0.7475 0.7275 0.14375 0.36
10 0.325 0.305 0.08 0.13166666666666665
9 0.448125 0.6291666666666667 0.22 0.4066666666666667