10 0.313125 0.8333333333333334 0.16125 0.3333333333333333
10 0.548125 0.8558333333333333 0.25625 0.28833333333333333
10 0.828125 0.36083333333333334 0.15125 0.17333333333333334
10 0.6825 0.6766666666666666 0.2525 0.345
9 0.61 0.5891666666666666 0.23625 0.34
9 0.565625 0.4275 0.24625 0.17
9 0.59125 0.3408333333333333 0.22 0.16
0 0.70875 0.46 0.2025 0.2816666666666667
1 0.450625 0.23833333333333334 0.20625 0.17
1 0.591875 0.26 0.19625 0.15333333333333332
1 0.63375 0.205 0.0975 0.10833333333333334
1 0.92875 0.9208333333333333 0.1425 0.10833333333333334
1 0.375625 0.5541666666666667 0.20625 0.37666666666666665
1 0.22625 0.4683333333333333 0.14625 0.3466666666666667
1 0.12875 0.7375 0.18375 0.46
4 0.879375 0.5925 0.18125 0.3433333333333333