3 0.70375 0.42916666666666664 0.11125 0.1625
1 0.53125 0.6966666666666667 0.23625 0.21083333333333334
1 0.73375 0.8125 0.225 0.3425
1 0.32875 0.91 0.255625 0.18
1 0.2925 0.5458333333333333 0.18375 0.2725
1 0.203125 0.4058333333333333 0.1075 0.26
1 0.320625 0.31083333333333335 0.166875 0.13583333333333333
7 0.313125 0.33 0.11875 0.18333333333333332
7 0.415 0.39666666666666667 0.065625 0.25666666666666665
7 0.48125 0.39666666666666667 0.060625 0.2633333333333333
7 0.501875 0.3 0.0975 0.19083333333333333
7 0.569375 0.29 0.07625 0.17166666666666666
10 0.731875 0.525 0.099375 0.20916666666666667
0 0.615625 0.5158333333333334 0.159375 0.24083333333333334
10 0.585 0.9741666666666666 0.1625 0.051666666666666666