10 0.590625 0.2825 0.14 0.15666666666666668
10 0.2075 0.6475 0.12875 0.365
10 0.531875 0.8408333333333333 0.25125 0.31833333333333336
9 0.483125 0.52 0.1975 0.3016666666666667
9 0.300625 0.4008333333333333 0.09 0.21166666666666667
10 0.253125 0.4716666666666667 0.0975 0.24833333333333332
3 0.45875 0.37666666666666665 0.1625 0.21
3 0.291875 0.6158333333333333 0.16625 0.315
1 0.73375 0.25416666666666665 0.165 0.17333333333333334
1 0.815 0.4483333333333333 0.21125 0.25166666666666665
7 0.875625 0.7116666666666667 0.1725 0.3333333333333333
1 0.906875 0.715 0.17375 0.305
1 0.2875 0.9133333333333333 0.275 0.17333333333333334
0 0.37625 0.5175 0.18 0.27