7 0.389375 0.7425 0.26375 0.515
4 0.27 0.8541666666666666 0.26 0.2916666666666667
1 0.534375 0.89 0.36375 0.22
0 0.385625 0.5033333333333333 0.2225 0.33
10 0.230625 0.4083333333333333 0.20875 0.4066666666666667
10 0.46 0.31416666666666665 0.23125 0.23666666666666666
10 0.445 0.21833333333333332 0.18375 0.17166666666666666
10 0.73125 0.12916666666666668 0.245 0.21833333333333332
10 0.833125 0.25583333333333336 0.18125 0.405
10 0.93875 0.4891666666666667 0.1225 0.47833333333333333
10 0.82375 0.7866666666666666 0.3525 0.34
10 0.584375 0.43916666666666665 0.3525 0.34833333333333333