0 0.603125 0.5616666666666666 0.19 0.285
1 0.465 0.31 0.225 0.17166666666666666
1 0.216875 0.3491666666666667 0.15625 0.25666666666666665
1 0.281875 0.49416666666666664 0.2525 0.295
1 0.395 0.595 0.275 0.375
1 0.090625 0.6075 0.17625 0.355
1 0.74875 0.8558333333333333 0.1975 0.28833333333333333
7 0.509375 0.8466666666666667 0.34625 0.30666666666666664
1 0.564375 0.9775 0.26375 0.045
1 0.17625 0.8975 0.3 0.14
1 0.59625 0.7675 0.19625 0.45666666666666667
9 0.501875 0.46 0.205 0.22
9 0.514375 0.6783333333333333 0.1725 0.37333333333333335
9 0.711875 0.6466666666666666 0.19125 0.3566666666666667
6 0.720625 0.41083333333333333 0.1475 0.255