10 0.724375 0.5083333333333333 0.126875 0.145
1 0.410625 0.6525 0.230625 0.24
1 0.468125 0.5158333333333334 0.128125 0.26666666666666666
1 0.49625 0.31166666666666665 0.18625 0.1125
1 0.458125 0.37166666666666665 0.185625 0.10666666666666667
1 0.714375 0.4075 0.106875 0.12916666666666668
1 0.778125 0.79 0.130625 0.3258333333333333
1 0.725625 0.9333333333333333 0.216875 0.13333333333333333
1 0.559375 0.9108333333333334 0.235625 0.17833333333333334
1 0.291875 0.9041666666666667 0.22375 0.19166666666666668
1 0.28625 0.31416666666666665 0.12 0.1
1 0.2325 0.39 0.08875 0.20416666666666666
1 0.1825 0.4575 0.09125 0.24083333333333334
10 0.63875 0.6716666666666666 0.213125 0.275
0 0.615625 0.5 0.16 0.22333333333333333