0 0.628125 0.5208333333333334 0.1775 0.2633333333333333
1 0.45375 0.7391666666666666 0.195 0.44333333333333336
1 0.565 0.9475 0.2375 0.105
1 0.16625 0.93 0.245 0.14
1 0.19375 0.8633333333333333 0.25375 0.25333333333333335
1 0.14625 0.6733333333333333 0.19 0.33
1 0.221875 0.375 0.15375 0.19
1 0.423125 0.31583333333333335 0.20375 0.14333333333333334
6 0.500625 0.43666666666666665 0.22875 0.245
6 0.5925 0.3591666666666667 0.08 0.20166666666666666
9 0.71875 0.3983333333333333 0.13625 0.15333333333333332
9 0.72875 0.6283333333333333 0.16375 0.36
9 0.583125 0.6691666666666667 0.1675 0.35333333333333333
9 0.553125 0.3516666666666667 0.08125 0.16333333333333333
10 0.35 0.5866666666666667 0.10625 0.3516666666666667
10 0.6975 0.8991666666666667 0.16 0.18
10 0.79375 0.8716666666666667 0.245 0.22333333333333333