4 0.721875 0.4 0.096875 0.17916666666666667
6 0.70625 0.6291666666666667 0.155 0.32
7 0.53625 0.365 0.081875 0.2325
7 0.471875 0.3 0.145 0.245
7 0.338125 0.2575 0.12625 0.13666666666666666
7 0.3675 0.415 0.09625 0.30833333333333335
7 0.229375 0.3 0.135 0.16333333333333333
7 0.270625 0.535 0.08875 0.3725
7 0.195 0.5208333333333334 0.07875 0.3258333333333333
7 0.160625 0.7658333333333334 0.138125 0.3308333333333333
7 0.449375 0.8175 0.114375 0.3641666666666667
7 0.538125 0.7158333333333333 0.171875 0.4225
9 0.5125 0.5108333333333334 0.18625 0.1625
4 0.09375 0.75 0.0675 0.30333333333333334
0 0.61875 0.5183333333333333 0.146875 0.2425