3 0.254375 0.495 0.21375 0.2816666666666667
4 0.516875 0.37666666666666665 0.165 0.24333333333333335
0 0.381875 0.5 0.2075 0.29333333333333333
1 0.573125 0.545 0.235 0.27666666666666667
1 0.77 0.5691666666666667 0.22125 0.31
1 0.83625 0.35833333333333334 0.2075 0.22
1 0.91375 0.6125 0.1725 0.345
1 0.90125 0.8708333333333333 0.1475 0.25833333333333336
1 0.73375 0.8425 0.3125 0.315
1 0.273125 0.9391666666666667 0.26625 0.09166666666666666
1 0.52125 0.32416666666666666 0.21125 0.23166666666666666
9 0.460625 0.6708333333333333 0.245 0.4683333333333333
1 0.29125 0.3325 0.1425 0.16333333333333333
10 0.289375 0.6783333333333333 0.295 0.355
10 0.13375 0.7566666666666667 0.20375 0.37
1 0.68625 0.335 0.19125 0.18166666666666667