0 0.58875 0.565 0.20375 0.28833333333333333
1 0.390625 0.4608333333333333 0.26 0.33166666666666667
1 0.206875 0.4216666666666667 0.2225 0.3233333333333333
1 0.23875 0.30333333333333334 0.17625 0.23333333333333334
1 0.356875 0.8841666666666667 0.28125 0.23166666666666666
1 0.600625 0.91 0.26375 0.18
1 0.7175 0.5383333333333333 0.185 0.32666666666666666
3 0.45375 0.57 0.26 0.3383333333333333
6 0.53875 0.675 0.18125 0.4
6 0.615625 0.725 0.16375 0.415
7 0.49375 0.4216666666666667 0.23125 0.2683333333333333
10 0.351875 0.26 0.1725 0.17833333333333334
10 0.095 0.775 0.19 0.24
10 0.676875 0.7208333333333333 0.16 0.3
10 0.21625 0.22583333333333333 0.16 0.2