1 0.52125 0.9025 0.298125 0.195
1 0.3175 0.30916666666666665 0.171875 0.13333333333333333
1 0.19 0.43666666666666665 0.09875 0.24083333333333334
1 0.14375 0.7441666666666666 0.161875 0.33666666666666667
1 0.36 0.6475 0.1275 0.3016666666666667
6 0.523125 0.39 0.16625 0.21916666666666668
1 0.5025 0.32166666666666666 0.180625 0.14333333333333334
0 0.62 0.5116666666666667 0.150625 0.2375
10 0.7275 0.49833333333333335 0.106875 0.16916666666666666
10 0.711875 0.6725 0.213125 0.2633333333333333
10 0.81375 0.8366666666666667 0.11 0.2916666666666667
10 0.715 0.3075 0.061875 0.08583333333333333
10 0.2575 0.5433333333333333 0.115625 0.28
10 0.516875 0.5166666666666667 0.15125 0.20416666666666666
7 0.123125 0.5125 0.110625 0.23166666666666666
10 0.628125 0.38166666666666665 0.143125 0.08583333333333333