1 0.235 0.4475 0.17125 0.17416666666666666
10 0.24875 0.3516666666666667 0.1475 0.11583333333333333
10 0.26625 0.2775 0.145 0.06333333333333334
10 0.26875 0.63 0.085 0.2816666666666667
10 0.3625 0.5908333333333333 0.195 0.24
10 0.82375 0.8641666666666666 0.0925 0.27166666666666667
10 0.496875 0.95 0.243125 0.1
9 0.694375 0.6891666666666667 0.10125 0.39666666666666667
7 0.4325 0.39416666666666667 0.12125 0.2866666666666667
7 0.503125 0.5641666666666667 0.14625 0.36666666666666664
6 0.600625 0.6433333333333333 0.10875 0.38333333333333336
4 0.54 0.35 0.095 0.1675
1 0.726875 0.43666666666666665 0.085 0.1725
0 0.61875 0.5108333333333334 0.153125 0.24083333333333334
1 0.41375 0.3233333333333333 0.154375 0.09666666666666666
1 0.758125 0.6766666666666666 0.120625 0.31833333333333336