9 0.73875 0.655 0.20375 0.34833333333333333
3 0.754375 0.5233333333333333 0.15625 0.25833333333333336
4 0.051875 0.7 0.10375 0.2866666666666667
1 0.49625 0.5616666666666666 0.24625 0.35
1 0.211875 0.29333333333333333 0.13125 0.27666666666666667
1 0.284375 0.2783333333333333 0.16375 0.235
1 0.42625 0.24583333333333332 0.1625 0.13
1 0.314375 0.3883333333333333 0.21625 0.30333333333333334
1 0.48625 0.3616666666666667 0.175 0.2733333333333333
1 0.7925 0.9033333333333333 0.17 0.19333333333333333
1 0.686875 0.31916666666666665 0.2225 0.18666666666666668
0 0.64875 0.5191666666666667 0.195 0.29833333333333334
10 0.13875 0.69 0.19875 0.28833333333333333
10 0.308125 0.6525 0.2175 0.355
10 0.29625 0.8633333333333333 0.2675 0.23166666666666666
10 0.608125 0.3775 0.12625 0.135