4 0.795 0.7341666666666666 0.11625 0.4125
6 0.506875 0.3908333333333333 0.189375 0.25333333333333335
4 0.518125 0.2816666666666667 0.07875 0.20583333333333334
6 0.714375 0.6341666666666667 0.144375 0.35
4 0.7325 0.54 0.138125 0.25916666666666666
9 0.56625 0.3458333333333333 0.07375 0.18666666666666668
6 0.729375 0.415 0.123125 0.20666666666666667
6 0.706875 0.35583333333333333 0.12625 0.18666666666666668
6 0.616875 0.6533333333333333 0.099375 0.37
9 0.515 0.5916666666666667 0.189375 0.265
0 0.616875 0.5116666666666667 0.151875 0.2325
1 0.251875 0.43583333333333335 0.17125 0.19916666666666666
1 0.166875 0.58 0.104375 0.27416666666666667
1 0.366875 0.7225 0.22 0.29583333333333334
1 0.576875 0.945 0.235625 0.11
1 0.095 0.7675 0.123125 0.2891666666666667