6 0.4975 0.42083333333333334 0.22 0.2683333333333333
6 0.526875 0.5666666666666667 0.26875 0.285
6 0.755625 0.5875 0.21875 0.33166666666666667
6 0.675 0.36916666666666664 0.08875 0.18833333333333332
7 0.139375 0.4266666666666667 0.13375 0.24666666666666667
10 0.238125 0.3591666666666667 0.155 0.13
10 0.396875 0.32166666666666666 0.2075 0.20333333333333334
9 0.5325 0.3358333333333333 0.13125 0.21
10 0.7075 0.27416666666666667 0.0975 0.15333333333333332
10 0.761875 0.4216666666666667 0.1325 0.28
10 0.51375 0.8825 0.29 0.235
1 0.14125 0.7858333333333334 0.1925 0.385
1 0.840625 0.7016666666666667 0.1825 0.4083333333333333
0 0.631875 0.5125 0.19375 0.30333333333333334
3 0.703125 0.6725 0.25375 0.4766666666666667