10 0.2825 0.5316666666666666 0.11625 0.28
1 0.29 0.4191666666666667 0.12125 0.135
1 0.224375 0.8083333333333333 0.12625 0.34833333333333333
1 0.5 0.2925 0.18375 0.15833333333333333
1 0.78125 0.345 0.12125 0.22666666666666666
1 0.844375 0.6033333333333334 0.15 0.33666666666666667
1 0.861875 0.9008333333333334 0.18875 0.16166666666666665
1 0.32625 0.95 0.225 0.1
0 0.395 0.5125 0.175 0.25833333333333336
4 0.469375 0.4125 0.10125 0.25833333333333336
4 0.866875 0.43333333333333335 0.13375 0.295
7 0.638125 0.5466666666666666 0.25125 0.29
7 0.654375 0.6908333333333333 0.19875 0.375
10 0.69375 0.27416666666666667 0.1725 0.15333333333333332
10 0.36625 0.7208333333333333 0.20375 0.39166666666666666
1 0.9525 0.7458333333333333 0.095 0.2916666666666667