4 0.41625 0.6666666666666666 0.16625 0.43833333333333335
0 0.395 0.515 0.18125 0.255
1 0.6375 0.2683333333333333 0.20125 0.16833333333333333
7 0.55375 0.39416666666666667 0.2425 0.23666666666666666
1 0.471875 0.3616666666666667 0.14125 0.22666666666666666
9 0.28625 0.6241666666666666 0.18625 0.31333333333333335
1 0.243125 0.5358333333333334 0.13875 0.30333333333333334
1 0.84125 0.5175 0.22875 0.26666666666666666
4 0.350625 0.7091666666666666 0.17125 0.4216666666666667
7 0.91375 0.6733333333333333 0.1725 0.36333333333333334
9 0.29875 0.4141666666666667 0.13625 0.225
9 0.50875 0.6216666666666667 0.205 0.35833333333333334
10 0.93 0.8583333333333333 0.14 0.14
10 0.790625 0.9141666666666667 0.19 0.12
10 0.438125 0.9875 0.23375 0.025
10 0.626875 0.7933333333333333 0.21 0.405