0 0.65125 0.535 0.17875 0.27666666666666667
1 0.180625 0.4558333333333333 0.155 0.22333333333333333
1 0.405 0.9266666666666666 0.2525 0.14666666666666667
1 0.106875 0.8358333333333333 0.21375 0.215
1 0.153125 0.7075 0.18625 0.40166666666666667
3 0.5525 0.6283333333333333 0.2575 0.32666666666666666
10 0.744375 0.69 0.2175 0.2966666666666667
6 0.723125 0.65 0.18 0.375
3 0.7625 0.54 0.17875 0.22
6 0.531875 0.5191666666666667 0.23875 0.2633333333333333
3 0.52125 0.4533333333333333 0.23625 0.20333333333333334
6 0.5825 0.3175 0.1725 0.2783333333333333
7 0.564375 0.22166666666666668 0.16 0.18166666666666667
9 0.7275 0.4116666666666667 0.11125 0.205
10 0.775 0.8458333333333333 0.16 0.30833333333333335
10 0.783125 0.31833333333333336 0.06 0.08166666666666667