0 0.614375 0.5391666666666667 0.19375 0.2733333333333333
10 0.729375 0.5616666666666666 0.1375 0.2966666666666667
10 0.75625 0.8225 0.18 0.355
10 0.38375 0.8925 0.29 0.215
10 0.38375 0.6908333333333333 0.27 0.33
10 0.410625 0.23833333333333334 0.2025 0.16666666666666666
10 0.525 0.4066666666666667 0.205 0.22166666666666668
10 0.23625 0.2783333333333333 0.1325 0.27166666666666667
7 0.524375 0.7475 0.28125 0.505
10 0.513125 0.6275 0.23375 0.365
7 0.3075 0.355 0.23 0.29833333333333334
7 0.579375 0.27416666666666667 0.145 0.19333333333333333
6 0.679375 0.7925 0.27375 0.415
4 0.379375 0.25 0.14875 0.30333333333333334
7 0.05 0.62 0.1 0.2733333333333333