0 0.620625 0.5166666666666667 0.15375 0.25333333333333335
1 0.450625 0.6375 0.2075 0.28833333333333333
1 0.31125 0.4141666666666667 0.10875 0.285
1 0.211875 0.3616666666666667 0.14875 0.245
1 0.3725 0.8325 0.19625 0.33
6 0.5775 0.605 0.085 0.33
10 0.7375 0.5575 0.18 0.3
9 0.7225 0.4608333333333333 0.13625 0.17666666666666667
10 0.70625 0.7133333333333334 0.22125 0.36
10 0.515 0.42 0.1325 0.16333333333333333
10 0.381875 0.475 0.12 0.29833333333333334
10 0.45625 0.2758333333333333 0.1875 0.12
10 0.235625 0.49166666666666664 0.08375 0.275
10 0.115 0.8025 0.15 0.23833333333333334
10 0.706875 0.9516666666666667 0.23125 0.09666666666666666