9 0.715 0.5025 0.14875 0.15833333333333333
9 0.501875 0.5525 0.22125 0.2575
10 0.53125 0.42916666666666664 0.115625 0.21916666666666668
10 0.2375 0.7816666666666666 0.205625 0.19166666666666668
10 0.156875 0.49833333333333335 0.095625 0.25166666666666665
0 0.620625 0.5175 0.144375 0.23
1 0.471875 0.3125 0.16625 0.12
1 0.335625 0.36916666666666664 0.1575 0.2125
1 0.226875 0.37416666666666665 0.09375 0.2
1 0.14625 0.7066666666666667 0.181875 0.26416666666666666
1 0.521875 0.9416666666666667 0.18375 0.11666666666666667
1 0.46375 0.7416666666666667 0.2675 0.21916666666666668
1 0.661875 0.7183333333333334 0.189375 0.3458333333333333
1 0.7625 0.7058333333333333 0.118125 0.32083333333333336