1 0.510625 0.9641666666666666 0.31625 0.07166666666666667
1 0.784375 0.25916666666666666 0.185 0.17333333333333334
1 0.954375 0.705 0.09125 0.36666666666666664
6 0.293125 0.43416666666666665 0.1725 0.2683333333333333
6 0.440625 0.6533333333333333 0.1225 0.4033333333333333
6 0.436875 0.3075 0.10125 0.22833333333333333
7 0.325 0.7741666666666667 0.2275 0.45166666666666666
9 0.326875 0.42916666666666664 0.105 0.17333333333333334
9 0.530625 0.4508333333333333 0.2175 0.20833333333333334
9 0.499375 0.38166666666666665 0.16875 0.19
9 0.5425 0.6575 0.24375 0.365
9 0.32875 0.7 0.1975 0.35
9 0.301875 0.6508333333333334 0.215 0.31333333333333335
10 0.615 0.3333333333333333 0.18875 0.22833333333333333