0 0.35125 0.5108333333333334 0.18625 0.25666666666666665
1 0.410625 0.3458333333333333 0.1275 0.19833333333333333
1 0.549375 0.355 0.205 0.215
1 0.5575 0.2733333333333333 0.2375 0.17333333333333334
1 0.75625 0.3325 0.19625 0.18833333333333332
1 0.76875 0.5216666666666666 0.23625 0.2816666666666667
1 0.8225 0.7975 0.23 0.365
1 0.716875 0.9316666666666666 0.2475 0.12
1 0.4425 0.795 0.2075 0.41
1 0.24125 0.9675 0.2225 0.065
6 0.31875 0.64 0.175 0.4033333333333333
7 0.964375 0.7966666666666666 0.07125 0.23666666666666666
10 0.881875 0.6233333333333333 0.13375 0.2866666666666667
10 0.475625 0.5125 0.15375 0.3466666666666667
10 0.160625 0.7408333333333333 0.1275 0.36833333333333335
9 0.2375 0.5025 0.1625 0.14833333333333334