1 0.218125 0.8616666666666667 0.15875 0.27666666666666667
1 0.3625 0.825 0.255 0.35
1 0.526875 0.765 0.3075 0.3233333333333333
1 0.565625 0.6316666666666667 0.2775 0.3383333333333333
1 0.544375 0.2875 0.1775 0.16
1 0.87125 0.35333333333333333 0.13375 0.2733333333333333
1 0.68125 0.8516666666666667 0.24 0.29333333333333333
1 0.50875 0.9708333333333333 0.2425 0.058333333333333334
1 0.92 0.7208333333333333 0.16 0.3883333333333333
3 0.299375 0.5991666666666666 0.2 0.22
9 0.3075 0.4816666666666667 0.165 0.13166666666666665
9 0.31375 0.4041666666666667 0.1425 0.13833333333333334
10 0.71625 0.30583333333333335 0.20375 0.23666666666666666
10 0.880625 0.8708333333333333 0.14375 0.24333333333333335
4 0.539375 0.435 0.20125 0.20166666666666666
4 0.474375 0.3308333333333333 0.11 0.145
0 0.429375 0.5283333333333333 0.17625 0.28