7 0.253125 0.21 0.16625 0.195
7 0.206875 0.3016666666666667 0.17625 0.24
6 0.571875 0.5458333333333333 0.19625 0.33
3 0.546875 0.3233333333333333 0.19625 0.18333333333333332
9 0.665 0.625 0.20125 0.4766666666666667
10 0.5625 0.22166666666666668 0.14125 0.14666666666666667
10 0.23375 0.455 0.17625 0.21833333333333332
0 0.659375 0.4275 0.19625 0.2966666666666667
1 0.173125 0.6391666666666667 0.19 0.35833333333333334
1 0.416875 0.25666666666666665 0.1975 0.18166666666666667
1 0.783125 0.35 0.14625 0.33166666666666667
1 0.825 0.6633333333333333 0.2275 0.44666666666666666
1 0.378125 0.8991666666666667 0.27375 0.20166666666666666
1 0.155 0.9025 0.23 0.195
10 0.749375 0.93 0.29375 0.11