9 0.3225 0.6858333333333333 0.205 0.3433333333333333
3 0.303125 0.5583333333333333 0.15625 0.255
4 0.968125 0.6991666666666667 0.06375 0.2783333333333333
1 0.555625 0.5833333333333334 0.2475 0.3466666666666667
1 0.825 0.31 0.13375 0.27166666666666667
1 0.754375 0.2991666666666667 0.16375 0.23333333333333334
1 0.615625 0.27416666666666667 0.16 0.13166666666666665
1 0.728125 0.4075 0.21625 0.3016666666666667
1 0.56 0.38916666666666666 0.17625 0.27
1 0.275625 0.9158333333333334 0.16625 0.16833333333333333
1 0.364375 0.35583333333333333 0.21875 0.19
0 0.40625 0.5491666666666667 0.195 0.295
10 0.90375 0.69 0.1925 0.2866666666666667
10 0.74125 0.6633333333333333 0.21875 0.3516666666666667
10 0.756875 0.86 0.2625 0.225
10 0.441875 0.41 0.125 0.13666666666666666