10 0.765625 0.6575 0.1425 0.3466666666666667
10 0.76875 0.2966666666666667 0.1975 0.18166666666666667
10 0.590625 0.23916666666666667 0.195 0.17666666666666667
10 0.55875 0.53 0.22125 0.36833333333333335
7 0.91375 0.34833333333333333 0.14375 0.25166666666666665
7 0.33 0.8283333333333334 0.245 0.315
6 0.4925 0.5466666666666666 0.215 0.35333333333333333
4 0.27875 0.37416666666666665 0.13 0.24333333333333335
1 0.71625 0.35833333333333334 0.20375 0.20666666666666667
1 0.618125 0.4125 0.255 0.2866666666666667
1 0.3925 0.26416666666666666 0.21125 0.19833333333333333
1 0.25375 0.57 0.26625 0.45
1 0.19875 0.8591666666666666 0.25625 0.19333333333333333
1 0.585 0.905 0.3125 0.19
1 0.906875 0.8258333333333333 0.15125 0.34833333333333333
0 0.414375 0.45 0.21375 0.315