1 0.510625 0.33416666666666667 0.1675 0.16333333333333333
7 0.3725 0.45416666666666666 0.201875 0.20583333333333334
1 0.379375 0.37583333333333335 0.228125 0.14
1 0.354375 0.30416666666666664 0.17 0.12
1 0.230625 0.3883333333333333 0.101875 0.19916666666666666
1 0.109375 0.7625 0.144375 0.2925
1 0.23375 0.8758333333333334 0.225625 0.19333333333333333
1 0.766875 0.7083333333333334 0.14875 0.4066666666666667
4 0.715625 0.49083333333333334 0.133125 0.22
0 0.61375 0.52 0.155625 0.2375
10 0.69 0.6891666666666667 0.2175 0.3233333333333333
10 0.366875 0.6925 0.12 0.34833333333333333
10 0.22125 0.6466666666666666 0.088125 0.33916666666666667
10 0.701875 0.36333333333333334 0.061875 0.115
9 0.528125 0.6408333333333334 0.16125 0.36666666666666664