1 0.49125 0.815 0.1625 0.37
1 0.763125 0.8758333333333334 0.13 0.24833333333333332
3 0.690625 0.5716666666666667 0.1725 0.20333333333333334
4 0.690625 0.4008333333333333 0.1 0.20166666666666666
6 0.48 0.3983333333333333 0.15 0.23
6 0.450625 0.6133333333333333 0.2175 0.29
6 0.66375 0.7266666666666667 0.1325 0.4166666666666667
7 0.113125 0.9341666666666667 0.225 0.13
7 0.4225 0.35333333333333333 0.12625 0.22166666666666668
7 0.445 0.24083333333333334 0.14 0.16
9 0.42 0.5475 0.21875 0.24
9 0.591875 0.7291666666666666 0.0975 0.43666666666666665
10 0.413125 0.9233333333333333 0.30375 0.15333333333333332
10 0.024375 0.8508333333333333 0.04875 0.295
0 0.566875 0.5583333333333333 0.1475 0.25