0 0.615625 0.5141666666666667 0.160625 0.23833333333333334
1 0.501875 0.31833333333333336 0.18375 0.13666666666666666
1 0.3475 0.39 0.179375 0.1725
1 0.245 0.38416666666666666 0.10375 0.22166666666666668
1 0.293125 0.5 0.11375 0.25
1 0.3925 0.6833333333333333 0.154375 0.33166666666666667
1 0.158125 0.5025 0.118125 0.2733333333333333
1 0.139375 0.6991666666666667 0.140625 0.26666666666666666
1 0.255625 0.825 0.240625 0.27666666666666667
1 0.12625 0.8858333333333334 0.149375 0.155
1 0.743125 0.42 0.08 0.215
10 0.5225 0.6491666666666667 0.199375 0.31416666666666665
9 0.67375 0.39916666666666667 0.074375 0.175
6 0.50375 0.4891666666666667 0.1925 0.2125
4 0.749375 0.575 0.144375 0.2866666666666667