7 0.595 0.3425 0.1875 0.22333333333333333
7 0.46625 0.26 0.1 0.2733333333333333
6 0.319375 0.2808333333333333 0.1275 0.2683333333333333
6 0.2475 0.495 0.24 0.3383333333333333
6 0.2675 0.6066666666666667 0.22375 0.4033333333333333
6 0.5225 0.4041666666666667 0.245 0.23333333333333334
6 0.496875 0.5583333333333333 0.265 0.31333333333333335
10 0.3925 0.6391666666666667 0.24875 0.34833333333333333
10 0.18125 0.8075 0.16625 0.2966666666666667
10 0.761875 0.325 0.17 0.14333333333333334
1 0.78125 0.49083333333333334 0.22125 0.235
1 0.640625 0.8325 0.25875 0.335
1 0.4175 0.8775 0.31 0.245
1 0.380625 0.92 0.28625 0.16