4 0.64625 0.6608333333333334 0.14875 0.45
4 0.63625 0.38333333333333336 0.14125 0.19166666666666668
7 0.736875 0.30833333333333335 0.1375 0.22
4 0.76375 0.25666666666666665 0.08375 0.135
1 0.599375 0.30583333333333335 0.15875 0.15
1 0.89625 0.865 0.2075 0.18666666666666668
1 0.29125 0.37583333333333335 0.1025 0.15333333333333332
0 0.4 0.55 0.185 0.2833333333333333
9 0.49 0.4216666666666667 0.19 0.18333333333333332
10 0.27875 0.535 0.1675 0.255
10 0.291875 0.6941666666666667 0.1125 0.3416666666666667
7 0.7425 0.5875 0.19 0.4116666666666667
10 0.790625 0.5308333333333334 0.09875 0.20333333333333334
7 0.785625 0.38 0.15625 0.21333333333333335
7 0.4725 0.2725 0.1475 0.19333333333333333
7 0.196875 0.8991666666666667 0.12125 0.20166666666666666