0 0.623125 0.5125 0.14625 0.23916666666666667
1 0.184375 0.9116666666666666 0.19625 0.14333333333333334
1 0.400625 0.32166666666666666 0.164375 0.16583333333333333
6 0.51 0.38333333333333336 0.180625 0.23166666666666666
1 0.53 0.305 0.138125 0.11083333333333334
1 0.713125 0.8766666666666667 0.214375 0.24166666666666667
1 0.70625 0.7141666666666666 0.23875 0.19333333333333333
3 0.551875 0.37416666666666665 0.11 0.15916666666666668
3 0.728125 0.53 0.174375 0.245
9 0.696875 0.39 0.090625 0.1775
6 0.51125 0.4775 0.185625 0.16916666666666666
6 0.569375 0.6075 0.185625 0.2825
7 0.19 0.6141666666666666 0.145 0.25083333333333335
7 0.08 0.7225 0.120625 0.3175
10 0.3625 0.9266666666666666 0.116875 0.14583333333333334
10 0.771875 0.9375 0.190625 0.125