7 0.650625 0.7508333333333334 0.15625 0.4633333333333333
4 0.7675 0.8291666666666667 0.176875 0.2916666666666667
1 0.55 0.91 0.28875 0.18
0 0.61875 0.5216666666666666 0.153125 0.24166666666666667
10 0.73375 0.4075 0.129375 0.3125
10 0.5325 0.3825 0.174375 0.15333333333333332
10 0.5325 0.30083333333333334 0.14125 0.10833333333333334
10 0.285 0.2941666666666667 0.19 0.13416666666666666
10 0.218125 0.4216666666666667 0.105625 0.32
10 0.12 0.645 0.1275 0.3883333333333333
10 0.27375 0.8766666666666667 0.314375 0.22916666666666666
10 0.446875 0.515 0.268125 0.22333333333333333