10 0.719375 0.815 0.17125 0.33
10 0.489375 0.87 0.26375 0.26
10 0.155625 0.46166666666666667 0.1575 0.18333333333333332
10 0.33625 0.7425 0.265 0.36
9 0.398125 0.6416666666666667 0.24875 0.355
9 0.423125 0.4725 0.25125 0.18666666666666668
9 0.3875 0.3925 0.225 0.175
0 0.285 0.5341666666666667 0.2125 0.295
1 0.51375 0.26166666666666666 0.21125 0.18333333333333332
1 0.3775 0.3125 0.20125 0.16666666666666666
1 0.329375 0.2675 0.10125 0.115
1 0.11375 0.9891666666666666 0.155 0.021666666666666667
1 0.625 0.5583333333333333 0.21875 0.3883333333333333
1 0.7625 0.4425 0.15875 0.355
1 0.890625 0.6883333333333334 0.20125 0.4683333333333333
4 0.1325 0.7016666666666667 0.19375 0.35333333333333333