1 0.906875 0.6616666666666666 0.1775 0.295
1 0.90375 0.8691666666666666 0.1925 0.19166666666666668
1 0.573125 0.7825 0.185 0.43166666666666664
1 0.27625 0.44083333333333335 0.1 0.23833333333333334
6 0.510625 0.45666666666666667 0.19125 0.19166666666666668
1 0.511875 0.415 0.18625 0.23
1 0.51375 0.30666666666666664 0.1925 0.125
0 0.388125 0.5391666666666667 0.1475 0.255
10 0.68875 0.9166666666666666 0.24125 0.16
10 0.669375 0.31166666666666665 0.14625 0.13666666666666666
10 0.486875 0.6475 0.10625 0.34
10 0.258125 0.64 0.15375 0.29833333333333334
9 0.33625 0.695 0.09625 0.4083333333333333
7 0.44125 0.6616666666666666 0.14 0.43166666666666664