1 0.489375 0.9083333333333333 0.33125 0.18333333333333332
1 0.715625 0.2675 0.19125 0.14833333333333334
1 0.856875 0.4091666666666667 0.11 0.26666666666666666
1 0.908125 0.7508333333333334 0.18 0.37333333333333335
1 0.668125 0.6433333333333333 0.1425 0.335
6 0.4875 0.3566666666666667 0.185 0.24333333333333335
1 0.51 0.2808333333333333 0.2 0.16
0 0.38 0.4925 0.1675 0.2633333333333333
10 0.26 0.4775 0.11875 0.18833333333333332
10 0.2775 0.6708333333333333 0.23625 0.29333333333333333
10 0.164375 0.8458333333333333 0.1225 0.30833333333333335
10 0.27375 0.265 0.06875 0.095
10 0.7825 0.5275 0.12875 0.31
10 0.49375 0.49833333333333335 0.1675 0.22666666666666666
7 0.93125 0.49333333333333335 0.1225 0.25666666666666665
10 0.370625 0.34833333333333333 0.15875 0.095