7 0.663125 0.18083333333333335 0.23625 0.3016666666666667
7 0.17625 0.775 0.3525 0.37
6 0.569375 0.285 0.305 0.38666666666666666
6 0.566875 0.47583333333333333 0.35625 0.4266666666666667
4 0.280625 0.325 0.2025 0.35833333333333334
1 0.446875 0.7341666666666666 0.42875 0.5033333333333333
1 0.873125 0.555 0.25375 0.47
0 0.399375 0.4716666666666667 0.2125 0.3233333333333333
10 0.810625 0.305 0.2525 0.20333333333333334
10 0.6425 0.965 0.3275 0.07
10 0.83 0.8341666666666666 0.29 0.33166666666666667
9 0.241875 0.5966666666666667 0.295 0.5266666666666666