10 0.153125 0.5125 0.16625 0.29333333333333333
10 0.590625 0.83 0.20625 0.34
6 0.53375 0.6191666666666666 0.2675 0.3433333333333333
9 0.535625 0.47333333333333333 0.18375 0.21833333333333332
9 0.565625 0.395 0.1175 0.225
6 0.650625 0.695 0.12625 0.36833333333333335
7 0.715625 0.69 0.14125 0.4583333333333333
1 0.240625 0.3925 0.19 0.18166666666666667
1 0.335625 0.5616666666666666 0.23125 0.2633333333333333
1 0.11 0.8325 0.1925 0.335
1 0.816875 0.7775 0.17625 0.36833333333333335
1 0.7475 0.46416666666666667 0.13375 0.3
0 0.6575 0.5483333333333333 0.1725 0.27