1 0.191875 0.6433333333333333 0.149375 0.26416666666666666
1 0.2625 0.9325 0.220625 0.12666666666666668
1 0.778125 0.7541666666666667 0.155625 0.39166666666666666
1 0.590625 0.8533333333333334 0.2475 0.2925
1 0.331875 0.34833333333333333 0.1425 0.12083333333333333
6 0.529375 0.3541666666666667 0.1525 0.26166666666666666
7 0.459375 0.3875 0.20875 0.2425
1 0.505625 0.29583333333333334 0.155625 0.09666666666666666
9 0.71375 0.4775 0.13125 0.16583333333333333
8 0.694375 0.6458333333333334 0.12125 0.345
7 0.25 0.2783333333333333 0.1525 0.18666666666666668
9 0.51 0.6066666666666667 0.18625 0.2575
9 0.610625 0.6958333333333333 0.124375 0.38916666666666666
9 0.680625 0.39416666666666667 0.064375 0.12583333333333332
10 0.34375 0.6766666666666666 0.188125 0.19666666666666666
0 0.623125 0.51 0.14625 0.24833333333333332