0 0.70125 0.5775 0.17375 0.2916666666666667
1 0.51375 0.74 0.2375 0.33
1 0.33625 0.5008333333333334 0.12125 0.3283333333333333
1 0.216875 0.45416666666666666 0.16875 0.28
1 0.435 0.8933333333333333 0.2175 0.21333333333333335
6 0.6575 0.685 0.09375 0.38166666666666665
10 0.84 0.6091666666666666 0.205 0.3433333333333333
9 0.814375 0.49833333333333335 0.155 0.20166666666666666
10 0.813125 0.7883333333333333 0.25125 0.4066666666666667
10 0.57125 0.48 0.15125 0.18666666666666668
10 0.4225 0.5616666666666666 0.135 0.3416666666666667
10 0.4925 0.32166666666666666 0.21625 0.135
10 0.254375 0.6016666666666667 0.09375 0.31666666666666665
10 0.13625 0.92 0.1675 0.16