3 0.715625 0.47333333333333333 0.13875 0.19666666666666666
1 0.49875 0.6941666666666667 0.2725 0.2816666666666667
1 0.68375 0.8316666666666667 0.2825 0.33666666666666667
1 0.259375 0.8491666666666666 0.28625 0.25166666666666665
1 0.281875 0.4741666666666667 0.22875 0.32666666666666666
1 0.21375 0.30666666666666664 0.15 0.29333333333333333
1 0.348125 0.24416666666666667 0.19 0.185
7 0.3375 0.26166666666666666 0.14875 0.21833333333333332
7 0.43 0.35833333333333334 0.1075 0.2783333333333333
7 0.496875 0.3775 0.10375 0.2833333333333333
7 0.5325 0.285 0.12875 0.22
7 0.6025 0.295 0.105 0.195
10 0.72875 0.5783333333333334 0.13375 0.24
0 0.613125 0.5358333333333334 0.2 0.28833333333333333
10 0.508125 0.97 0.17125 0.06