0 0.620625 0.5091666666666667 0.15375 0.22166666666666668
1 0.526875 0.3016666666666667 0.155 0.13333333333333333
1 0.39 0.31583333333333335 0.125 0.11
1 0.2425 0.3308333333333333 0.1425 0.145
1 0.170625 0.8841666666666667 0.185 0.20166666666666666
1 0.393125 0.89 0.24375 0.22
1 0.550625 0.95 0.18875 0.1
3 0.64 0.6558333333333334 0.10875 0.30833333333333335
7 0.449375 0.465 0.18125 0.22666666666666666
1 0.48625 0.43166666666666664 0.185 0.17166666666666666
7 0.454375 0.6325 0.16375 0.33
7 0.7175 0.83 0.2125 0.2
6 0.55 0.6341666666666667 0.09 0.32666666666666666
10 0.72625 0.5466666666666666 0.13125 0.26
10 0.71125 0.355 0.0975 0.14
10 0.815 0.8375 0.125 0.31333333333333335
7 0.311875 0.405 0.1075 0.2866666666666667