0 0.6125 0.4708333333333333 0.18625 0.2633333333333333
1 0.330625 0.4633333333333333 0.2075 0.17166666666666666
1 0.60625 0.6483333333333333 0.18625 0.3616666666666667
1 0.748125 0.5558333333333333 0.14375 0.3566666666666667
1 0.684375 0.2866666666666667 0.0975 0.13833333333333334
4 0.28875 0.325 0.1475 0.24333333333333335
7 0.5425 0.2758333333333333 0.10375 0.185
7 0.2425 0.5633333333333334 0.16 0.34833333333333333
6 0.6925 0.5966666666666667 0.13875 0.39666666666666667
9 0.500625 0.4175 0.185 0.15833333333333333
10 0.151875 0.5783333333333334 0.13375 0.265
10 0.143125 0.8725 0.17375 0.245
10 0.734375 0.3825 0.11 0.22333333333333333
1 0.834375 0.7241666666666666 0.17375 0.42
1 0.23875 0.9508333333333333 0.205 0.09833333333333333
1 0.46375 0.29833333333333334 0.1875 0.15166666666666667