0 0.62 0.4558333333333333 0.20125 0.2816666666666667
1 0.766875 0.5333333333333333 0.19625 0.36333333333333334
1 0.705625 0.37666666666666665 0.16625 0.2866666666666667
1 0.629375 0.6908333333333333 0.30375 0.36666666666666664
1 0.4925 0.2841666666666667 0.16 0.16166666666666665
1 0.48625 0.38416666666666666 0.16 0.215
1 0.406875 0.3466666666666667 0.165 0.255
1 0.288125 0.375 0.18375 0.21833333333333332
1 0.204375 0.485 0.15875 0.2733333333333333
1 0.4225 0.6208333333333333 0.24625 0.4
1 0.148125 0.5991666666666666 0.17375 0.33166666666666667
1 0.284375 0.9225 0.26375 0.155
1 0.135625 0.8733333333333333 0.18875 0.25333333333333335
4 0.5025 0.5633333333333334 0.2375 0.38666666666666666
7 0.691875 0.27666666666666667 0.11875 0.23833333333333334
10 0.895 0.7458333333333333 0.15125 0.2816666666666667