6 0.423125 0.32916666666666666 0.185 0.3416666666666667
3 0.25875 0.3858333333333333 0.10375 0.16833333333333333
3 0.24375 0.4891666666666667 0.16375 0.21833333333333332
3 0.471875 0.5825 0.23625 0.335
9 0.279375 0.685 0.15 0.4116666666666667
9 0.394375 0.67 0.15875 0.36666666666666664
10 0.45375 0.8475 0.3025 0.305
0 0.346875 0.52 0.18875 0.28833333333333333
1 0.423125 0.2783333333333333 0.195 0.155
1 0.538125 0.42083333333333334 0.2 0.3333333333333333
1 0.654375 0.24416666666666667 0.23125 0.20166666666666666
1 0.75125 0.5 0.2375 0.3516666666666667
1 0.858125 0.5075 0.1925 0.37666666666666665
1 0.770625 0.8158333333333333 0.225 0.30666666666666664
1 0.9175 0.7141666666666666 0.165 0.295
1 0.254375 0.9491666666666667 0.22875 0.10166666666666667
1 0.214375 0.7591666666666667 0.19375 0.44333333333333336