0 0.64625 0.4508333333333333 0.1825 0.2833333333333333
1 0.723125 0.31833333333333336 0.17125 0.34833333333333333
1 0.823125 0.5416666666666666 0.24375 0.5316666666666666
1 0.785625 0.7175 0.3725 0.48833333333333334
1 0.3225 0.7458333333333333 0.3425 0.5083333333333333
1 0.263125 0.4775 0.26 0.3233333333333333
1 0.263125 0.9175 0.29875 0.165
3 0.521875 0.5641666666666667 0.32875 0.3983333333333333
10 0.47375 0.44583333333333336 0.32375 0.38
10 0.510625 0.32083333333333336 0.1975 0.165
10 0.456875 0.2808333333333333 0.24625 0.23333333333333334
10 0.62625 0.8941666666666667 0.345 0.21166666666666667
10 0.1475 0.7466666666666667 0.22 0.48