10 0.825625 0.8416666666666667 0.28125 0.31666666666666665
10 0.129375 0.6575 0.225 0.525
9 0.421875 0.3541666666666667 0.18375 0.26
6 0.49 0.5116666666666667 0.33 0.365
6 0.364375 0.7175 0.25875 0.5583333333333333
3 0.21625 0.7108333333333333 0.1975 0.52
3 0.23375 0.34833333333333333 0.145 0.235
1 0.5725 0.4866666666666667 0.1775 0.4266666666666667
1 0.691875 0.35833333333333334 0.2575 0.21166666666666667
1 0.79375 0.5975 0.2475 0.445
1 0.69 0.7733333333333333 0.255 0.4533333333333333
1 0.2725 0.9225 0.4575 0.155
0 0.3175 0.5375 0.1875 0.2966666666666667