0 0.3775 0.5525 0.19625 0.28833333333333333
1 0.263125 0.48083333333333333 0.16375 0.26
1 0.625 0.2633333333333333 0.165 0.185
1 0.610625 0.5775 0.28875 0.34
1 0.85125 0.44916666666666666 0.1975 0.3383333333333333
1 0.885625 0.6741666666666667 0.17 0.31166666666666665
1 0.315 0.8866666666666667 0.195 0.22666666666666666
3 0.45375 0.47583333333333333 0.1925 0.28
4 0.740625 0.23083333333333333 0.09 0.18833333333333332
6 0.434375 0.6741666666666667 0.18375 0.385
10 0.49625 0.2833333333333333 0.19 0.16
10 0.52875 0.49416666666666664 0.15 0.255
10 0.76 0.825 0.29125 0.24166666666666667
9 0.28 0.71 0.23875 0.3283333333333333
10 0.506875 0.9708333333333333 0.22625 0.058333333333333334