0 0.364375 0.5283333333333333 0.20375 0.2966666666666667
1 0.72875 0.7416666666666667 0.3025 0.45
1 0.908125 0.7483333333333333 0.18375 0.25
1 0.8 0.2725 0.1825 0.2866666666666667
1 0.651875 0.2 0.2 0.18333333333333332
6 0.385 0.3566666666666667 0.11875 0.23833333333333334
6 0.46125 0.5691666666666667 0.21375 0.365
6 0.243125 0.4741666666666667 0.18 0.25166666666666665
6 0.27125 0.6808333333333333 0.2275 0.39166666666666666
6 0.4025 0.6666666666666666 0.17125 0.44
7 0.339375 0.7291666666666666 0.17875 0.5116666666666667
7 0.17625 0.6383333333333333 0.1825 0.42833333333333334
10 0.21875 0.3433333333333333 0.095 0.13
10 0.43125 0.26416666666666666 0.17 0.17833333333333334
10 0.9025 0.4816666666666667 0.195 0.37666666666666665
10 0.293125 0.9591666666666666 0.24625 0.08166666666666667