3 0.490625 0.4875 0.21875 0.225
4 0.85375 0.6716666666666666 0.13125 0.2783333333333333
3 0.44375 0.6075 0.19375 0.37833333333333335
1 0.579375 0.38416666666666666 0.15375 0.205
1 0.68625 0.43833333333333335 0.18125 0.2633333333333333
1 0.804375 0.47583333333333333 0.14625 0.2783333333333333
1 0.716875 0.7475 0.22625 0.37833333333333335
1 0.80125 0.8841666666666667 0.145 0.23166666666666666
1 0.618125 0.9316666666666666 0.28375 0.13666666666666666
1 0.376875 0.9208333333333333 0.23375 0.15833333333333333
1 0.20875 0.8183333333333334 0.27125 0.30333333333333334
1 0.18125 0.6616666666666666 0.15625 0.38166666666666665
1 0.32125 0.6591666666666667 0.24125 0.35833333333333334
1 0.57125 0.68 0.22625 0.3933333333333333
10 0.281875 0.38416666666666666 0.11375 0.27666666666666667
1 0.46 0.35083333333333333 0.13375 0.185
0 0.361875 0.48583333333333334 0.15875 0.23333333333333334