10 0.37125 0.33666666666666667 0.15375 0.22833333333333333
10 0.68875 0.9375 0.285 0.125
10 0.185 0.2783333333333333 0.16125 0.18833333333333332
7 0.32125 0.73 0.23875 0.35333333333333333
7 0.601875 0.9733333333333334 0.23125 0.05333333333333334
7 0.24875 0.2575 0.1725 0.23
6 0.47 0.5183333333333333 0.24375 0.3
1 0.5175 0.38083333333333336 0.17625 0.185
1 0.108125 0.875 0.21625 0.17333333333333334
1 0.53625 0.7125 0.27375 0.3333333333333333
1 0.710625 0.7341666666666666 0.1875 0.41333333333333333
1 0.734375 0.6975 0.1825 0.375
1 0.72125 0.5066666666666667 0.14625 0.24166666666666667
1 0.709375 0.3775 0.105 0.14666666666666667
0 0.59375 0.5508333333333333 0.19375 0.27666666666666667