10 0.53875 0.325 0.12875 0.155
6 0.70625 0.3425 0.1075 0.22
6 0.646875 0.6233333333333333 0.090625 0.285
3 0.725 0.5766666666666667 0.16875 0.1725
1 0.38625 0.31583333333333335 0.183125 0.13666666666666666
1 0.209375 0.37333333333333335 0.120625 0.225
1 0.304375 0.39 0.1925 0.15583333333333332
1 0.30375 0.49666666666666665 0.18875 0.20333333333333334
1 0.195625 0.6816666666666666 0.21125 0.31083333333333335
1 0.503125 0.5575 0.19625 0.21833333333333332
1 0.775625 0.8575 0.128125 0.2808333333333333
10 0.449375 0.6491666666666667 0.22875 0.26166666666666666
0 0.6175 0.5091666666666667 0.153125 0.23166666666666666