1 0.259375 0.285 0.24 0.19833333333333333
1 0.21 0.7466666666666667 0.235 0.4633333333333333
1 0.240625 0.8975 0.35625 0.18833333333333332
1 0.08625 0.7433333333333333 0.1725 0.42
1 0.665 0.8641666666666666 0.3825 0.27166666666666667
1 0.733125 0.4683333333333333 0.1525 0.31833333333333336
1 0.47 0.7258333333333333 0.29875 0.5133333333333333
3 0.703125 0.6433333333333333 0.1925 0.43166666666666664
10 0.4925 0.3675 0.22 0.21333333333333335
10 0.3875 0.5741666666666667 0.32 0.345
0 0.605625 0.5633333333333334 0.1825 0.285
1 0.629375 0.9758333333333333 0.34875 0.04833333333333333
10 0.2275 0.38083333333333336 0.27 0.21666666666666667