0 0.623125 0.5 0.1525 0.22666666666666666
1 0.62125 0.7333333333333333 0.245 0.4266666666666667
1 0.631875 0.8991666666666667 0.31625 0.20166666666666666
1 0.270625 0.8466666666666667 0.28875 0.30333333333333334
7 0.289375 0.5383333333333333 0.31875 0.29333333333333333
1 0.334375 0.4725 0.1975 0.38666666666666666
1 0.3225 0.3016666666666667 0.145 0.175
3 0.735625 0.5325 0.18625 0.355
6 0.540625 0.2625 0.15875 0.33166666666666667
6 0.483125 0.36666666666666664 0.25 0.31333333333333335
9 0.4675 0.6233333333333333 0.31375 0.3333333333333333
10 0.07125 0.7158333333333333 0.135 0.37333333333333335
7 0.164375 0.3775 0.145 0.28833333333333333