7 0.408125 0.3725 0.1225 0.295
3 0.24 0.5741666666666667 0.17 0.28
1 0.5075 0.38916666666666666 0.20375 0.26666666666666666
1 0.58125 0.3283333333333333 0.20375 0.18166666666666667
1 0.763125 0.4575 0.18875 0.25833333333333336
1 0.61875 0.6016666666666667 0.25 0.3416666666666667
1 0.509375 0.6525 0.25125 0.40166666666666667
1 0.331875 0.88 0.32125 0.24
1 0.694375 0.8191666666666667 0.29375 0.3433333333333333
1 0.836875 0.6316666666666667 0.16125 0.4083333333333333
0 0.345625 0.6 0.195 0.2866666666666667
10 0.44875 0.9008333333333334 0.2825 0.19833333333333333
10 0.155625 0.85 0.17375 0.3
10 0.93625 0.7916666666666666 0.1175 0.29333333333333333
10 0.20875 0.38 0.06875 0.115