1 0.120625 0.5316666666666666 0.20875 0.3233333333333333
1 0.099375 0.73 0.19875 0.23333333333333334
1 0.423125 0.7291666666666666 0.235 0.4533333333333333
1 0.754375 0.4775 0.1275 0.24833333333333332
6 0.5275 0.43416666666666665 0.2075 0.22833333333333333
1 0.5325 0.3933333333333333 0.2075 0.2633333333333333
1 0.54625 0.2891666666666667 0.2 0.16666666666666666
0 0.63375 0.5433333333333333 0.175 0.2783333333333333
10 0.290625 0.8508333333333333 0.25625 0.255
10 0.396875 0.25583333333333336 0.1575 0.165
10 0.524375 0.6225 0.1475 0.3466666666666667
10 0.744375 0.6708333333333333 0.18625 0.31833333333333336
9 0.66125 0.7041666666666667 0.1475 0.4083333333333333
7 0.56625 0.6466666666666666 0.1925 0.44166666666666665