0 0.619375 0.5141666666666667 0.1525 0.24
1 0.714375 0.41 0.123125 0.22
1 0.33375 0.31916666666666665 0.14 0.13916666666666666
1 0.403125 0.6108333333333333 0.24 0.26166666666666666
1 0.1525 0.5658333333333333 0.144375 0.2916666666666667
1 0.16 0.7883333333333333 0.12 0.2733333333333333
1 0.745625 0.855 0.144375 0.27416666666666667
3 0.533125 0.4658333333333333 0.15 0.23083333333333333
4 0.21875 0.32416666666666666 0.059375 0.16916666666666666
6 0.58625 0.6466666666666666 0.12 0.3458333333333333
10 0.459375 0.2966666666666667 0.170625 0.10333333333333333
10 0.465625 0.5058333333333334 0.109375 0.22
10 0.305625 0.8908333333333334 0.26375 0.15416666666666667
9 0.738125 0.6325 0.189375 0.26666666666666666
10 0.575 0.9783333333333334 0.220625 0.043333333333333335