3 0.518125 0.6433333333333333 0.15625 0.31083333333333335
9 0.510625 0.5433333333333333 0.165 0.24916666666666668
9 0.719375 0.5241666666666667 0.143125 0.15916666666666668
6 0.65875 0.6475 0.13625 0.3641666666666667
1 0.724375 0.38416666666666666 0.08875 0.17916666666666667
1 0.743125 0.7041666666666667 0.101875 0.3
1 0.630625 0.37416666666666665 0.144375 0.17333333333333334
1 0.480625 0.32666666666666666 0.179375 0.15166666666666667
1 0.395625 0.47583333333333333 0.144375 0.2733333333333333
1 0.26375 0.4725 0.126875 0.1975
1 0.2025 0.4225 0.1175 0.23416666666666666
1 0.23875 0.66 0.17875 0.25166666666666665
1 0.12125 0.6983333333333334 0.125625 0.35583333333333333
1 0.6725 0.9383333333333334 0.195 0.12333333333333334
0 0.621875 0.5158333333333334 0.146875 0.22916666666666666