1 0.323125 0.37416666666666665 0.186875 0.1625
1 0.42 0.2991666666666667 0.165 0.0925
1 0.223125 0.5216666666666666 0.193125 0.17583333333333334
1 0.679375 0.7241666666666666 0.215 0.2375
1 0.2125 0.3675 0.091875 0.1975
6 0.73125 0.5966666666666667 0.2 0.24583333333333332
3 0.720625 0.5008333333333334 0.161875 0.20333333333333334
3 0.678125 0.39166666666666666 0.065625 0.14583333333333334
6 0.5625 0.325 0.08875 0.25666666666666665
6 0.516875 0.4141666666666667 0.1625 0.2125
6 0.5125 0.5558333333333333 0.19125 0.25166666666666665
6 0.589375 0.6391666666666667 0.13 0.3591666666666667
7 0.70375 0.7716666666666666 0.10375 0.44583333333333336
10 0.390625 0.9133333333333333 0.26125 0.17333333333333334
10 0.10875 0.6908333333333333 0.105625 0.315
0 0.62875 0.5241666666666667 0.131875 0.22833333333333333