10 0.244375 0.5691666666666667 0.181875 0.33666666666666667
10 0.12375 0.7708333333333334 0.119375 0.3441666666666667
10 0.34125 0.32083333333333336 0.203125 0.1675
0 0.621875 0.5125 0.144375 0.21666666666666667
1 0.448125 0.465 0.2425 0.21666666666666667
1 0.535 0.7108333333333333 0.275625 0.4483333333333333
1 0.625625 0.7866666666666666 0.205 0.4216666666666667
1 0.774375 0.8 0.159375 0.3983333333333333
3 0.709375 0.46 0.138125 0.245
3 0.533125 0.3566666666666667 0.14875 0.24166666666666667
7 0.720625 0.2966666666666667 0.05625 0.11166666666666666