0 0.615 0.515 0.155625 0.235
1 0.5475 0.3308333333333333 0.138125 0.12833333333333333
1 0.7425 0.5108333333333334 0.120625 0.30833333333333335
1 0.639375 0.665 0.15 0.315
1 0.67875 0.8433333333333334 0.170625 0.2966666666666667
1 0.673125 0.9275 0.209375 0.145
1 0.378125 0.9008333333333334 0.216875 0.1975
1 0.378125 0.6008333333333333 0.143125 0.3283333333333333
1 0.28125 0.325 0.13625 0.15166666666666667
1 0.386875 0.36333333333333334 0.12125 0.19916666666666666
1 0.195 0.4033333333333333 0.114375 0.29333333333333333
1 0.13875 0.705 0.126875 0.34833333333333333
6 0.49125 0.445 0.216875 0.21416666666666667
10 0.536875 0.6633333333333333 0.123125 0.39666666666666667
10 0.721875 0.5966666666666667 0.07375 0.32083333333333336
4 0.7625 0.7983333333333333 0.154375 0.295