0 0.616875 0.5183333333333333 0.156875 0.23666666666666666
1 0.44 0.7108333333333333 0.164375 0.4091666666666667
1 0.536875 0.94 0.2225 0.12
1 0.156875 0.8875 0.22625 0.15416666666666667
1 0.186875 0.8058333333333333 0.23125 0.22083333333333333
1 0.15125 0.6208333333333333 0.16625 0.3
1 0.23875 0.3433333333333333 0.138125 0.16833333333333333
1 0.4325 0.305 0.18875 0.11916666666666667
6 0.499375 0.4266666666666667 0.20625 0.215
6 0.59125 0.36083333333333334 0.066875 0.18583333333333332
9 0.71 0.41 0.1225 0.135
9 0.706875 0.6291666666666667 0.139375 0.33166666666666667
9 0.5675 0.655 0.14375 0.325
9 0.55375 0.35 0.07 0.14916666666666667
10 0.349375 0.5566666666666666 0.085 0.32916666666666666
10 0.665 0.9025 0.145 0.195
10 0.7575 0.885 0.22375 0.22916666666666666