10 0.275625 0.5 0.11625 0.26666666666666666
1 0.295 0.39666666666666667 0.1175 0.13166666666666665
1 0.19375 0.7466666666666667 0.12625 0.3333333333333333
1 0.5025 0.315 0.17625 0.15666666666666668
1 0.76 0.41333333333333333 0.11875 0.21666666666666667
1 0.79375 0.665 0.14875 0.32166666666666666
1 0.78 0.9333333333333333 0.1825 0.13333333333333333
1 0.273125 0.9166666666666666 0.215 0.14
0 0.3825 0.5016666666666667 0.17125 0.25
4 0.461875 0.42083333333333334 0.1025 0.24666666666666667
4 0.830625 0.51 0.1325 0.2816666666666667
7 0.606875 0.5766666666666667 0.24375 0.2833333333333333
7 0.6075 0.7133333333333334 0.19625 0.36
10 0.685 0.33166666666666667 0.16625 0.15166666666666667
10 0.335625 0.6908333333333333 0.20125 0.37666666666666665
1 0.89375 0.8191666666666667 0.12375 0.28