6 0.51125 0.4025 0.170625 0.19916666666666666
6 0.518125 0.5375 0.215 0.2025
6 0.715625 0.6075 0.161875 0.26
6 0.67375 0.39666666666666667 0.058125 0.15583333333333332
7 0.19625 0.3258333333333333 0.091875 0.20083333333333334
10 0.29125 0.2891666666666667 0.12875 0.08416666666666667
10 0.435625 0.2925 0.168125 0.14166666666666666
9 0.553125 0.3358333333333333 0.095625 0.16666666666666666
10 0.714375 0.32166666666666666 0.070625 0.12
10 0.7425 0.4633333333333333 0.0875 0.23166666666666666
10 0.464375 0.8675 0.2375 0.265
1 0.15125 0.6408333333333334 0.12875 0.31666666666666665
1 0.77625 0.7266666666666667 0.11625 0.3416666666666667
0 0.616875 0.5133333333333333 0.141875 0.24
3 0.659375 0.6691666666666667 0.17375 0.38916666666666666