10 0.35 0.30833333333333335 0.1675 0.1
6 0.52375 0.36833333333333335 0.17 0.22
9 0.566875 0.3458333333333333 0.085 0.17166666666666666
7 0.105625 0.5383333333333333 0.12 0.3233333333333333
7 0.099375 0.7925 0.1075 0.24333333333333335
7 0.23375 0.935 0.185 0.10333333333333333
7 0.83125 0.7816666666666666 0.11 0.4
7 0.44 0.49833333333333335 0.22125 0.20666666666666667
6 0.541875 0.5816666666666667 0.1775 0.29
6 0.70875 0.6 0.125 0.2783333333333333
9 0.70875 0.4275 0.12875 0.13666666666666666
4 0.4975 0.3125 0.09375 0.13833333333333334
1 0.3575 0.4475 0.175 0.16
1 0.294375 0.7233333333333334 0.23 0.29
0 0.6275 0.5066666666666667 0.15 0.25