1 0.1325 0.6508333333333334 0.1625 0.27416666666666667
1 0.13375 0.8491666666666666 0.194375 0.17416666666666666
1 0.454375 0.7508333333333334 0.16625 0.4041666666666667
1 0.728125 0.4125 0.089375 0.2225
6 0.505 0.43833333333333335 0.178125 0.17416666666666666
1 0.503125 0.3983333333333333 0.171875 0.21083333333333334
1 0.49875 0.295 0.18125 0.11083333333333334
0 0.624375 0.5116666666666667 0.134375 0.2375
10 0.3475 0.9066666666666666 0.225625 0.18666666666666668
10 0.350625 0.3075 0.136875 0.12416666666666666
10 0.533125 0.6183333333333333 0.0925 0.32
10 0.750625 0.6008333333333333 0.139375 0.2775
9 0.6775 0.6575 0.08125 0.38666666666666666
7 0.576875 0.63 0.123125 0.4066666666666667