7 0.42625 0.695 0.20625 0.42
6 0.43 0.2991666666666667 0.1075 0.2683333333333333
9 0.476875 0.585 0.2575 0.30666666666666664
3 0.4775 0.45416666666666666 0.2075 0.18833333333333332
9 0.251875 0.6075 0.19625 0.3983333333333333
3 0.264375 0.45416666666666666 0.18625 0.22
9 0.368125 0.6483333333333333 0.15125 0.4166666666666667
9 0.270625 0.3883333333333333 0.13625 0.12
4 0.305 0.7383333333333333 0.16875 0.46
4 0.209375 0.555 0.1825 0.4
10 0.478125 0.2633333333333333 0.08625 0.11666666666666667
1 0.589375 0.3175 0.19125 0.17333333333333334
1 0.61625 0.4166666666666667 0.17625 0.24666666666666667
1 0.855 0.7766666666666666 0.18375 0.37166666666666665
1 0.576875 0.9383333333333334 0.23875 0.12333333333333334