4 0.605625 0.6508333333333334 0.125 0.3933333333333333
0 0.61375 0.5075 0.153125 0.21833333333333332
1 0.37125 0.31083333333333335 0.178125 0.13166666666666665
7 0.4575 0.4166666666666667 0.211875 0.19166666666666668
1 0.53125 0.37583333333333335 0.11625 0.195
9 0.723125 0.5941666666666666 0.153125 0.2725
1 0.75625 0.5075 0.10875 0.26916666666666667
1 0.200625 0.5675 0.196875 0.22166666666666668
4 0.669375 0.6816666666666666 0.130625 0.37666666666666665
7 0.12625 0.7258333333333333 0.174375 0.31583333333333335
9 0.695625 0.40166666666666667 0.1125 0.195
9 0.51625 0.6216666666666667 0.1675 0.31166666666666665
10 0.120625 0.8975 0.1675 0.1075
10 0.276875 0.9425 0.17125 0.115
10 0.60875 0.9775 0.2175 0.045
10 0.420625 0.8091666666666667 0.169375 0.38083333333333336