6 0.741875 0.5933333333333334 0.18375 0.37166666666666665
7 0.84 0.7925 0.125625 0.3308333333333333
10 0.51125 0.6525 0.258125 0.3975
10 0.534375 0.2916666666666667 0.14 0.12083333333333333
10 0.34875 0.695 0.299375 0.2475
10 0.198125 0.925 0.215625 0.14916666666666667
0 0.615625 0.5191666666666667 0.155625 0.23833333333333334
1 0.73 0.3825 0.10625 0.225
1 0.459375 0.4 0.255 0.15916666666666668
1 0.2075 0.39416666666666667 0.161875 0.2891666666666667
1 0.244375 0.57 0.25625 0.2891666666666667
1 0.17625 0.7925 0.238125 0.22666666666666666
1 0.4325 0.8616666666666667 0.315625 0.27666666666666667