6 0.1875 0.62 0.23125 0.455
7 0.071875 0.8166666666666667 0.14375 0.3333333333333333
10 0.46 0.7033333333333334 0.32 0.49
10 0.445 0.2708333333333333 0.17 0.15333333333333332
10 0.65375 0.7633333333333333 0.365 0.31166666666666665
10 0.828125 0.975 0.25875 0.05
0 0.339375 0.5375 0.19375 0.29333333333333333
1 0.2075 0.36833333333333335 0.13375 0.275
1 0.53 0.4041666666666667 0.30875 0.205
1 0.831875 0.41083333333333333 0.2025 0.355
1 0.781875 0.62 0.315 0.36
1 0.851875 0.8725 0.28125 0.255
1 0.54875 0.8908333333333334 0.3825 0.21833333333333332