7 0.390625 0.8966666666666666 0.30875 0.20666666666666667
7 0.655625 0.9525 0.30125 0.095
7 0.644375 0.8508333333333333 0.25375 0.29833333333333334
7 0.500625 0.6491666666666667 0.15625 0.36666666666666664
7 0.70625 0.7558333333333334 0.32125 0.3433333333333333
7 0.61375 0.5216666666666666 0.12625 0.325
7 0.61 0.36333333333333334 0.22875 0.2783333333333333
7 0.4925 0.3358333333333333 0.10375 0.21833333333333332
7 0.790625 0.4141666666666667 0.21 0.28833333333333333
7 0.920625 0.3416666666666667 0.15875 0.19666666666666666
7 0.935 0.42083333333333334 0.13 0.22166666666666668
7 0.939375 0.6258333333333334 0.12125 0.325
4 0.29 0.44 0.13875 0.2633333333333333
0 0.416875 0.535 0.20375 0.32