10 0.7275 0.22333333333333333 0.1925 0.10666666666666667
10 0.218125 0.8166666666666667 0.09625 0.36666666666666664
9 0.46 0.6883333333333334 0.1025 0.44333333333333336
7 0.9475 0.31666666666666665 0.105 0.3466666666666667
6 0.5925 0.39 0.2275 0.2833333333333333
6 0.51 0.285 0.1025 0.31333333333333335
6 0.34 0.3358333333333333 0.1375 0.26666666666666666
9 0.340625 0.6433333333333333 0.1575 0.38333333333333336
7 0.885 0.19083333333333333 0.155 0.14166666666666666
1 0.934375 0.765 0.13125 0.37
1 0.933125 0.9208333333333333 0.13375 0.155
1 0.5975 0.6083333333333333 0.245 0.255
1 0.723125 0.3625 0.2225 0.23333333333333334
1 0.293125 0.5158333333333334 0.1475 0.3433333333333333
1 0.3525 0.9666666666666667 0.2625 0.06666666666666667
0 0.44625 0.49 0.18 0.25166666666666665