0 0.388125 0.555 0.22 0.31666666666666665
1 0.54875 0.36083333333333334 0.23125 0.20666666666666667
1 0.71375 0.485 0.23125 0.24666666666666667
1 0.8325 0.505 0.1525 0.2816666666666667
1 0.759375 0.625 0.16875 0.31666666666666665
1 0.61875 0.7991666666666667 0.2275 0.40166666666666667
1 0.913125 0.6641666666666667 0.17375 0.345
1 0.889375 0.8616666666666667 0.16875 0.27666666666666667
1 0.76 0.9083333333333333 0.305 0.18333333333333332
1 0.255625 0.41333333333333333 0.12375 0.2683333333333333
10 0.474375 0.735 0.27625 0.41333333333333333
9 0.33875 0.4083333333333333 0.11125 0.22
6 0.520625 0.5566666666666666 0.2525 0.295
4 0.225625 0.5883333333333334 0.20875 0.36833333333333335