3 0.501875 0.48333333333333334 0.19625 0.18583333333333332
4 0.13125 0.5966666666666667 0.1025 0.25666666666666665
3 0.535625 0.6091666666666666 0.155 0.345
1 0.42625 0.3675 0.133125 0.1775
1 0.316875 0.4008333333333333 0.155 0.23166666666666666
1 0.199375 0.4166666666666667 0.1175 0.25416666666666665
1 0.25625 0.695 0.188125 0.33916666666666667
1 0.15875 0.82 0.12 0.22333333333333333
1 0.329375 0.9241666666666667 0.26625 0.15166666666666667
1 0.568125 0.9341666666666667 0.21875 0.13166666666666665
1 0.740625 0.8641666666666666 0.24125 0.27166666666666667
1 0.784375 0.7091666666666666 0.1175 0.355
1 0.64875 0.6808333333333333 0.205625 0.315
1 0.40375 0.6558333333333334 0.18625 0.3541666666666667
10 0.715 0.4216666666666667 0.085625 0.2575
1 0.545 0.3566666666666667 0.115 0.16083333333333333
0 0.626875 0.5058333333333334 0.135625 0.205