10 0.229375 0.4558333333333333 0.15125 0.17833333333333334
1 0.5525 0.6666666666666666 0.2725 0.3
1 0.504375 0.5091666666666667 0.165 0.31
1 0.495 0.2833333333333333 0.21125 0.155
1 0.529375 0.355 0.21 0.14833333333333334
1 0.25 0.34833333333333333 0.12875 0.15833333333333333
1 0.143125 0.75 0.17375 0.375
1 0.1875 0.8966666666666666 0.24375 0.14833333333333334
1 0.368125 0.9008333333333334 0.26875 0.19833333333333333
1 0.6575 0.9175 0.2575 0.165
1 0.72 0.3233333333333333 0.13875 0.13
1 0.770625 0.415 0.11625 0.235
1 0.8175 0.49666666666666665 0.1225 0.275
10 0.305 0.6466666666666666 0.25625 0.335
0 0.346875 0.4658333333333333 0.19375 0.2683333333333333