10 0.63875 0.75 0.288125 0.4066666666666667
10 0.1325 0.7075 0.193125 0.3875
10 0.504375 0.3358333333333333 0.19875 0.20416666666666666
3 0.69625 0.37833333333333335 0.1175 0.215
9 0.73875 0.5916666666666667 0.195625 0.4216666666666667
0 0.615 0.515 0.15625 0.23
1 0.355625 0.4875 0.22625 0.3441666666666667
1 0.3125 0.3233333333333333 0.210625 0.18166666666666667
1 0.35 0.7891666666666667 0.253125 0.37916666666666665
1 0.64625 0.8958333333333334 0.3325 0.20833333333333334
1 0.18875 0.7525 0.15 0.4191666666666667