0 0.620625 0.5075 0.1525 0.22083333333333333
1 0.740625 0.6258333333333334 0.13 0.30833333333333335
1 0.71375 0.4633333333333333 0.114375 0.24
1 0.586875 0.7258333333333333 0.241875 0.27166666666666667
1 0.535625 0.31083333333333335 0.134375 0.10916666666666666
1 0.5125 0.39916666666666667 0.1225 0.16583333333333333
1 0.4475 0.33916666666666667 0.12 0.20666666666666667
1 0.333125 0.32666666666666666 0.146875 0.16083333333333333
1 0.2375 0.39916666666666667 0.10875 0.22833333333333333
1 0.41125 0.5941666666666666 0.174375 0.3283333333333333
1 0.165 0.485 0.1125 0.2825
1 0.219375 0.8741666666666666 0.220625 0.18166666666666667
1 0.09625 0.77 0.126875 0.2841666666666667
4 0.494375 0.5675 0.1675 0.31833333333333336
7 0.719375 0.36833333333333335 0.075 0.20666666666666667
10 0.81875 0.8658333333333333 0.099375 0.2475