6 0.539375 0.5883333333333334 0.33375 0.25
10 0.544375 0.39666666666666667 0.25875 0.27
10 0.82375 0.7641666666666667 0.2625 0.275
1 0.8425 0.5366666666666666 0.1325 0.26166666666666666
10 0.6525 0.23666666666666666 0.1825 0.145
1 0.425625 0.29 0.24375 0.18166666666666667
10 0.139375 0.64 0.2275 0.3333333333333333
10 0.121875 0.535 0.15625 0.28833333333333333
10 0.196875 0.6908333333333333 0.19375 0.32666666666666666
1 0.4075 0.8541666666666666 0.3875 0.245
0 0.68875 0.5175 0.225 0.2916666666666667
11 0.125 0.8391666666666666 0.24125 0.15