6 0.198125 0.595 0.3925 0.42
3 0.215625 0.5025 0.3025 0.3333333333333333
6 0.5575 0.6291666666666667 0.4575 0.3416666666666667
6 0.618125 0.41833333333333333 0.4125 0.3233333333333333
6 0.58875 0.27166666666666667 0.32875 0.3933333333333333
7 0.745 0.27166666666666667 0.30375 0.28
5 0.806875 0.6941666666666667 0.27 0.5416666666666666
5 0.889375 0.6791666666666667 0.22125 0.5183333333333333
4 0.90625 0.4675 0.15625 0.3983333333333333
4 0.95375 0.5808333333333333 0.0925 0.425
10 0.92875 0.305 0.1425 0.24
0 0.383125 0.49 0.19625 0.28833333333333333
11 0.86875 0.9325 0.1875 0.135
6 0.483125 0.19 0.15375 0.38