4 0.2875 0.5408333333333334 0.405 0.4166666666666667
7 0.244375 0.7591666666666667 0.48875 0.4083333333333333
1 0.61125 0.8175 0.45 0.365
1 0.22875 0.32416666666666666 0.38125 0.495
1 0.120625 0.6125 0.24125 0.335
1 0.48 0.2 0.2525 0.21166666666666667
1 0.719375 0.5233333333333333 0.28375 0.4583333333333333
10 0.71125 0.5133333333333333 0.135 0.18333333333333332
0 0.560625 0.525 0.2625 0.34
1 0.519375 0.1075 0.1275 0.14333333333333334
1 0.21125 0.11 0.225 0.22
10 0.120625 0.2275 0.22375 0.39166666666666666
10 0.0825 0.20333333333333334 0.14125 0.35333333333333333
1 0.060625 0.4791666666666667 0.12125 0.425
10 0.344375 0.36833333333333335 0.345 0.42833333333333334
11 0.0275 0.7375 0.055 0.14833333333333334