11 0.919375 0.865 0.16125 0.13
1 0.796875 0.7275 0.3525 0.33166666666666667
1 0.594375 0.38166666666666665 0.355 0.22833333333333333
4 0.77125 0.5816666666666667 0.31 0.4033333333333333
1 0.806875 0.5175 0.2875 0.38666666666666666
1 0.944375 0.6358333333333334 0.11125 0.405
1 0.928125 0.3525 0.13875 0.31833333333333336
1 0.85 0.35 0.15125 0.3283333333333333
10 0.66625 0.2608333333333333 0.3125 0.17666666666666667
7 0.821875 0.1425 0.14875 0.17333333333333334
10 0.224375 0.5966666666666667 0.215 0.43166666666666664
10 0.523125 0.85 0.5175 0.2733333333333333
0 0.408125 0.525 0.21375 0.27166666666666667
1 0.480625 0.235 0.1325 0.25333333333333335