8 0.796875 0.7258333333333333 0.29375 0.5033333333333333
10 0.889375 0.7216666666666667 0.22125 0.4633333333333333
8 0.929375 0.695 0.14125 0.4766666666666667
7 0.955625 0.57 0.08875 0.43333333333333335
7 0.591875 0.2625 0.23625 0.4
7 0.550625 0.87 0.51625 0.26
4 0.501875 0.5966666666666667 0.3875 0.42833333333333334
4 0.8675 0.17916666666666667 0.1925 0.25
1 0.89625 0.3466666666666667 0.18 0.265
1 0.204375 0.6125 0.25875 0.52
10 0.6325 0.32416666666666666 0.32875 0.25833333333333336
7 0.71 0.17083333333333334 0.28875 0.24166666666666667
0 0.398125 0.5066666666666667 0.2325 0.305
11 0.883125 0.9375 0.17625 0.125