0 0.313125 0.49833333333333335 0.204375 0.2575
1 0.5075 0.8316666666666667 0.3825 0.24333333333333335
1 0.58125 0.475 0.256875 0.3975
1 0.405 0.3575 0.14875 0.1625
1 0.41625 0.17666666666666667 0.09875 0.14166666666666666
1 0.726875 0.30083333333333334 0.1375 0.22416666666666665
1 0.835625 0.4225 0.12625 0.30333333333333334
5 0.766875 0.6841666666666667 0.131875 0.4675
2 0.855 0.7216666666666667 0.118125 0.31416666666666665
11 0.8375 0.8716666666666667 0.23125 0.12666666666666668
10 0.164375 0.8166666666666667 0.29 0.2125
10 0.900625 0.6525 0.10125 0.3308333333333333