0 0.275625 0.49 0.2 0.3333333333333333
1 0.368125 0.7958333333333333 0.396875 0.4083333333333333
1 0.125 0.6583333333333333 0.135 0.6191666666666666
1 0.07875 0.665 0.1575 0.6608333333333334
1 0.388125 0.07 0.101875 0.14
3 0.39375 0.44416666666666665 0.19125 0.45916666666666667
1 0.374375 0.23666666666666666 0.124375 0.21166666666666667
1 0.72375 0.3175 0.18 0.35
1 0.8075 0.5483333333333333 0.166875 0.4425
1 0.724375 0.795 0.3325 0.3383333333333333
11 0.820625 0.9466666666666667 0.25 0.10666666666666667