7 0.690625 0.7466666666666667 0.46375 0.5066666666666667
5 0.818125 0.6941666666666667 0.36375 0.465
5 0.89375 0.625 0.2125 0.4166666666666667
7 0.94125 0.5083333333333333 0.1175 0.27
7 0.89875 0.3283333333333333 0.20125 0.295
6 0.448125 0.2975 0.16625 0.44666666666666666
7 0.17125 0.7425 0.305 0.515
10 0.444375 0.8858333333333334 0.48875 0.22833333333333333
0 0.401875 0.5833333333333334 0.25375 0.32166666666666666
1 0.559375 0.31666666666666665 0.275 0.275
10 0.7875 0.24666666666666667 0.2325 0.35833333333333334
10 0.771875 0.135 0.2225 0.14833333333333334
10 0.890625 0.235 0.14375 0.27166666666666667
11 0.93 0.8425 0.14 0.155