6 0.515625 0.7216666666666667 0.24625 0.5566666666666666
6 0.7125 0.6866666666666666 0.275 0.575
6 0.395 0.3458333333333333 0.37625 0.36833333333333335
6 0.53 0.285 0.115 0.345
7 0.08 0.4008333333333333 0.16 0.445
5 0.11 0.6316666666666667 0.22 0.5466666666666666
5 0.195 0.6658333333333334 0.28 0.5066666666666667
4 0.29125 0.8066666666666666 0.385 0.36833333333333335
7 0.1225 0.17666666666666667 0.245 0.26
7 0.2675 0.13083333333333333 0.2875 0.25833333333333336
10 0.798125 0.435 0.125 0.31166666666666665
0 0.59875 0.5166666666666667 0.24375 0.27666666666666667
11 0.083125 0.9041666666666667 0.1575 0.13666666666666666
10 0.505625 0.165 0.11875 0.13