11 0.020625 0.7766666666666666 0.04125 0.14666666666666667
5 0.05 0.4533333333333333 0.1 0.63
7 0.256875 0.6275 0.51375 0.415
6 0.31375 0.49083333333333334 0.49 0.34
6 0.298125 0.31333333333333335 0.46625 0.31333333333333335
6 0.37 0.1925 0.3625 0.38166666666666665
6 0.438125 0.675 0.4275 0.6266666666666667
6 0.78875 0.6033333333333334 0.3775 0.4483333333333333
7 0.68875 0.83 0.4975 0.34
7 0.124375 0.06333333333333334 0.18375 0.12666666666666668
6 0.706875 0.37083333333333335 0.185 0.21166666666666667
6 0.5225 0.13583333333333333 0.14 0.27166666666666667