7 0.54625 0.5733333333333334 0.40625 0.43666666666666665
0 0.414375 0.52 0.200625 0.275
11 0.908125 0.86 0.18375 0.12083333333333333
2 0.835 0.6666666666666666 0.155625 0.45916666666666667
1 0.61125 0.8408333333333333 0.444375 0.2325
4 0.784375 0.23333333333333334 0.200625 0.2775
4 0.92 0.3175 0.16 0.225
4 0.2575 0.7441666666666666 0.298125 0.265
7 0.620625 0.3516666666666667 0.28125 0.33666666666666667
10 0.4825 0.23583333333333334 0.208125 0.23416666666666666
6 0.320625 0.4725 0.0975 0.155
10 0.241875 0.4483333333333333 0.08375 0.165
10 0.811875 0.19666666666666666 0.160625 0.11416666666666667
7 0.93375 0.5958333333333333 0.1325 0.46166666666666667