4 0.711875 0.7383333333333333 0.35875 0.29583333333333334
5 0.949375 0.6191666666666666 0.10125 0.5325
1 0.891875 0.37583333333333335 0.10625 0.25916666666666666
1 0.811875 0.3383333333333333 0.1575 0.2425
1 0.6525 0.4216666666666667 0.1875 0.36916666666666664
10 0.809375 0.19166666666666668 0.17375 0.11916666666666667
10 0.509375 0.17416666666666666 0.081875 0.11333333333333333
1 0.51 0.3375 0.225 0.175
10 0.384375 0.6683333333333333 0.394375 0.20333333333333334
10 0.229375 0.5375 0.17 0.37833333333333335
1 0.318125 0.8091666666666667 0.395625 0.30083333333333334
10 0.6325 0.8575 0.396875 0.2175
11 0.90625 0.8633333333333333 0.1875 0.11416666666666667
0 0.4175 0.49833333333333335 0.20875 0.215
8 0.861875 0.6666666666666666 0.151875 0.43833333333333335