4 0.070625 0.6391666666666667 0.14125 0.3016666666666667
4 0.138125 0.45 0.27625 0.27666666666666667
7 0.393125 0.3566666666666667 0.43125 0.495
10 0.26625 0.22 0.22875 0.2733333333333333
10 0.274375 0.11666666666666667 0.22375 0.18333333333333332
10 0.415625 0.215 0.295 0.23666666666666666
10 0.095625 0.3308333333333333 0.19125 0.41833333333333333
10 0.3 0.6291666666666667 0.40125 0.5033333333333333
1 0.754375 0.7058333333333333 0.28 0.525
1 0.57375 0.7766666666666666 0.4925 0.44666666666666666
0 0.58875 0.5341666666666667 0.2425 0.305
10 0.56 0.16166666666666665 0.11 0.12333333333333334
11 0.068125 0.73 0.13625 0.17666666666666667
10 0.365625 0.8116666666666666 0.50625 0.36666666666666664