5 0.9175 0.6791666666666667 0.126875 0.3858333333333333
5 0.800625 0.6791666666666667 0.14875 0.43416666666666665
10 0.1725 0.6508333333333334 0.27375 0.21083333333333334
10 0.52625 0.8383333333333334 0.383125 0.22666666666666666
10 0.749375 0.26166666666666666 0.175625 0.18083333333333335
0 0.313125 0.49583333333333335 0.205 0.25916666666666666
1 0.7425 0.4083333333333333 0.205 0.30083333333333334
1 0.59125 0.43333333333333335 0.19125 0.35333333333333333
1 0.71125 0.7041666666666667 0.145625 0.38083333333333336
1 0.8275 0.715 0.158125 0.25083333333333335
11 0.83625 0.87 0.2325 0.115