10 0.07 0.6816666666666666 0.14 0.4766666666666667
10 0.0825 0.39666666666666667 0.135 0.195
10 0.69125 0.07166666666666667 0.1925 0.14333333333333334
10 0.811875 0.20583333333333334 0.1775 0.3283333333333333
10 0.3075 0.08 0.135 0.12333333333333334
11 0.8675 0.8008333333333333 0.265 0.18166666666666667
0 0.231875 0.4658333333333333 0.26125 0.345
1 0.24 0.7708333333333334 0.3775 0.4583333333333333
1 0.755625 0.38333333333333336 0.3025 0.32166666666666666
4 0.779375 0.7108333333333333 0.32625 0.35
1 0.76 0.6183333333333333 0.36625 0.32666666666666666
7 0.574375 0.19333333333333333 0.23375 0.28