11 0.83375 0.87 0.23875 0.12333333333333334
0 0.31 0.49583333333333335 0.205 0.27166666666666667
10 0.4625 0.36333333333333334 0.19125 0.23
10 0.56 0.8783333333333333 0.34625 0.1475
4 0.3125 0.7241666666666666 0.266875 0.30583333333333335
5 0.7575 0.7508333333333334 0.2175 0.2658333333333333
7 0.83625 0.6075 0.215 0.23666666666666666
10 0.901875 0.6983333333333334 0.08625 0.30416666666666664
7 0.1875 0.7983333333333333 0.34625 0.215
7 0.12125 0.47833333333333333 0.200625 0.2808333333333333
7 0.7925 0.28583333333333333 0.079375 0.19166666666666668