10 0.3275 0.7741666666666667 0.40875 0.37333333333333335
4 0.516875 0.8866666666666667 0.40875 0.22666666666666666
10 0.50875 0.3333333333333333 0.3325 0.33
10 0.586875 0.23666666666666666 0.35125 0.26
10 0.756875 0.11833333333333333 0.24125 0.20666666666666667
10 0.7975 0.33916666666666667 0.33875 0.37333333333333335
10 0.8125 0.2 0.22625 0.225
10 0.1825 0.5575 0.16 0.285
0 0.38625 0.5675 0.2625 0.3233333333333333
11 0.939375 0.8066666666666666 0.12125 0.18
5 0.716875 0.7583333333333333 0.50875 0.48333333333333334
5 0.83125 0.6358333333333334 0.3375 0.4716666666666667
5 0.91125 0.5833333333333334 0.1775 0.41333333333333333
7 0.604375 0.5091666666666667 0.53875 0.45
10 0.944375 0.38416666666666666 0.11125 0.31166666666666665