7 0.900625 0.42333333333333334 0.19875 0.6933333333333334
6 0.664375 0.3491666666666667 0.44625 0.415
7 0.636875 0.1975 0.39375 0.2683333333333333
7 0.720625 0.11 0.41875 0.22
6 0.276875 0.6725 0.4875 0.445
10 0.439375 0.8283333333333334 0.50875 0.3433333333333333
10 0.713125 0.74 0.4475 0.4866666666666667
10 0.89375 0.7008333333333333 0.2125 0.27166666666666667
10 0.9575 0.335 0.085 0.41
10 0.225625 0.5158333333333334 0.2025 0.405
7 0.479375 0.07583333333333334 0.13125 0.15166666666666667
0 0.441875 0.4866666666666667 0.2675 0.28
11 0.965 0.825 0.07 0.14666666666666667
10 0.883125 0.10083333333333333 0.18125 0.20166666666666666