11 0.879375 0.8591666666666666 0.24125 0.145
10 0.251875 0.8066666666666666 0.335 0.335
10 0.760625 0.19166666666666668 0.1675 0.12
6 0.475 0.47583333333333333 0.29625 0.37666666666666665
6 0.36875 0.23416666666666666 0.11375 0.28
3 0.43125 0.69 0.23875 0.4716666666666667
1 0.784375 0.7166666666666667 0.32375 0.26666666666666666
1 0.7925 0.49416666666666664 0.25625 0.3
7 0.879375 0.33416666666666667 0.1225 0.345
0 0.324375 0.5108333333333334 0.22125 0.28
5 0.759375 0.7241666666666666 0.24625 0.395