1 0.423125 0.17583333333333334 0.109375 0.08416666666666667
4 0.5425 0.415 0.18375 0.2625
4 0.64125 0.5475 0.130625 0.31666666666666665
5 0.68375 0.7758333333333334 0.285625 0.2275
10 0.824375 0.6716666666666666 0.106875 0.32916666666666666
10 0.87125 0.5791666666666667 0.091875 0.2425
7 0.37 0.6108333333333333 0.35 0.25166666666666665
0 0.31125 0.495 0.204375 0.2708333333333333
10 0.130625 0.46416666666666667 0.12625 0.29583333333333334
11 0.83375 0.87 0.238125 0.1225
5 0.88625 0.71 0.106875 0.31583333333333335