0 0.3975 0.5441666666666667 0.21375 0.295
11 0.939375 0.7616666666666667 0.12125 0.17
2 0.835 0.6216666666666667 0.33 0.45666666666666667
5 0.874375 0.5258333333333334 0.25125 0.5683333333333334
5 0.963125 0.48833333333333334 0.07375 0.5066666666666667
6 0.614375 0.6233333333333333 0.4575 0.49333333333333335
6 0.58 0.3333333333333333 0.38375 0.415
3 0.538125 0.7283333333333334 0.45125 0.5433333333333333
4 0.445 0.8408333333333333 0.4225 0.31833333333333336
3 0.26375 0.7516666666666667 0.32375 0.4683333333333333
10 0.210625 0.5966666666666667 0.24375 0.35333333333333333
1 0.809375 0.17666666666666667 0.15875 0.25833333333333336
10 0.875 0.275 0.125 0.25166666666666665
7 0.43 0.19666666666666666 0.12375 0.24666666666666667