7 0.29625 0.54 0.44625 0.2991666666666667
7 0.908125 0.33916666666666667 0.143125 0.39416666666666667
10 0.88 0.6458333333333334 0.229375 0.36833333333333335
7 0.959375 0.5308333333333334 0.08125 0.32
4 0.510625 0.8191666666666667 0.41875 0.25916666666666666
4 0.243125 0.78 0.27 0.20083333333333334
10 0.700625 0.3616666666666667 0.266875 0.25666666666666665
10 0.5275 0.30333333333333334 0.14125 0.33916666666666667
0 0.418125 0.5091666666666667 0.204375 0.24416666666666667
11 0.911875 0.8616666666666667 0.175625 0.115
10 0.81125 0.6708333333333333 0.324375 0.31
1 0.810625 0.20916666666666667 0.16 0.13333333333333333
10 0.2325 0.5025 0.156875 0.36083333333333334
5 0.744375 0.7075 0.35125 0.37916666666666665