4 0.534375 0.43666666666666665 0.34125 0.4866666666666667
4 0.525 0.23333333333333334 0.41875 0.40166666666666667
1 0.715 0.11416666666666667 0.2725 0.22833333333333333
1 0.62875 0.7791666666666667 0.5675 0.44166666666666665
10 0.813125 0.6325 0.37375 0.4083333333333333
10 0.821875 0.44 0.35625 0.5433333333333333
10 0.945625 0.49333333333333335 0.10875 0.44666666666666666
1 0.8175 0.22666666666666666 0.26 0.43833333333333335
1 0.8725 0.21083333333333334 0.23375 0.415
10 0.125625 0.5883333333333334 0.25125 0.5466666666666666
1 0.2425 0.7716666666666666 0.455 0.45666666666666667
7 0.2775 0.7216666666666667 0.50875 0.46
0 0.326875 0.5225 0.28375 0.3416666666666667
11 0.935 0.7775 0.13 0.19833333333333333