0 0.418125 0.5491666666666667 0.23875 0.29833333333333334
11 0.935 0.7325 0.13 0.15166666666666667
10 0.899375 0.5083333333333333 0.20125 0.43333333333333335
1 0.911875 0.4716666666666667 0.17625 0.43666666666666665
10 0.791875 0.1925 0.22625 0.3416666666666667
10 0.755625 0.6291666666666667 0.3 0.5316666666666666
1 0.616875 0.6225 0.29125 0.615
1 0.364375 0.7933333333333333 0.44375 0.41333333333333333
10 0.253125 0.7108333333333333 0.27125 0.44333333333333336
10 0.2175 0.575 0.22125 0.445
4 0.459375 0.31583333333333335 0.1675 0.305
1 0.6625 0.2925 0.335 0.32666666666666666
10 0.435 0.14916666666666667 0.16 0.18166666666666667