0 0.6 0.5358333333333334 0.24375 0.3
11 0.07125 0.7883333333333333 0.1425 0.16333333333333333
1 0.788125 0.695 0.25375 0.5166666666666667
10 0.306875 0.6466666666666666 0.40375 0.4666666666666667
10 0.085 0.3641666666666667 0.17 0.405
10 0.2375 0.13166666666666665 0.195 0.16833333333333333
10 0.251875 0.2375 0.21625 0.24333333333333335
10 0.5475 0.15583333333333332 0.09125 0.10833333333333334
10 0.419375 0.22083333333333333 0.31625 0.20666666666666667
7 0.4375 0.3933333333333333 0.39625 0.36
1 0.60375 0.7825 0.5 0.435
4 0.173125 0.47833333333333333 0.26875 0.36833333333333335
4 0.08 0.6641666666666667 0.16 0.23833333333333334
10 0.380625 0.8425 0.52875 0.315