5 0.21125 0.7441666666666666 0.41375 0.325
11 0.07375 0.8533333333333334 0.1475 0.14333333333333334
0 0.6 0.5391666666666667 0.23625 0.2916666666666667
10 0.67375 0.7775 0.38 0.3933333333333333
8 0.085 0.6216666666666667 0.17 0.5033333333333333
10 0.029375 0.5875 0.05875 0.3883333333333333
1 0.240625 0.3275 0.2675 0.315
1 0.2175 0.16166666666666665 0.19875 0.16
1 0.084375 0.30833333333333335 0.16625 0.31666666666666665
1 0.400625 0.3875 0.25 0.425
10 0.528125 0.2941666666666667 0.13125 0.3416666666666667
1 0.795 0.5966666666666667 0.23 0.4633333333333333
4 0.34375 0.6533333333333333 0.45375 0.38