0 0.43 0.5366666666666666 0.27 0.3416666666666667
11 0.89625 0.985 0.1025 0.03
10 0.974375 0.4766666666666667 0.05125 0.39
10 0.919375 0.5041666666666667 0.16125 0.4116666666666667
1 0.920625 0.2633333333333333 0.15875 0.17333333333333334
1 0.7275 0.7458333333333333 0.37 0.5083333333333333
10 0.5825 0.7208333333333333 0.2975 0.5583333333333333
1 0.289375 0.7983333333333333 0.42875 0.40166666666666667
1 0.218125 0.565 0.2825 0.4633333333333333
1 0.216875 0.4225 0.14 0.27166666666666667
10 0.889375 0.9 0.15375 0.2
1 0.6025 0.20083333333333334 0.20125 0.22666666666666666
1 0.579375 0.36 0.24125 0.2783333333333333
4 0.794375 0.31333333333333335 0.34625 0.295
10 0.778125 0.5183333333333333 0.27875 0.48