11 0.069375 0.7733333333333333 0.13875 0.16333333333333333
0 0.594375 0.5516666666666666 0.24375 0.30666666666666664
10 0.33375 0.7616666666666667 0.4725 0.4033333333333333
10 0.238125 0.10583333333333333 0.205 0.14833333333333334
10 0.529375 0.145 0.13125 0.12666666666666668
10 0.49875 0.3516666666666667 0.15625 0.36833333333333335
10 0.65875 0.7391666666666666 0.325 0.5216666666666666
1 0.78 0.6858333333333333 0.2575 0.59
4 0.233125 0.20416666666666666 0.22125 0.19833333333333333
4 0.330625 0.31583333333333335 0.29 0.475
7 0.3125 0.5141666666666667 0.385 0.5966666666666667
5 0.106875 0.5591666666666667 0.21375 0.5416666666666666
10 0.051875 0.5025 0.10375 0.45166666666666666
7 0.1475 0.24583333333333332 0.22 0.26166666666666666
6 0.549375 0.355 0.15125 0.3233333333333333