11 0.04 0.84 0.08 0.14666666666666667
0 0.573125 0.5783333333333334 0.26625 0.3283333333333333
7 0.585625 0.72 0.56875 0.35833333333333334
7 0.10125 0.16166666666666665 0.1675 0.3233333333333333
7 0.290625 0.1425 0.3275 0.23333333333333334
7 0.519375 0.1525 0.16125 0.265
7 0.125625 0.3275 0.24875 0.5033333333333333
7 0.24375 0.38333333333333336 0.31625 0.5483333333333333
7 0.39375 0.3975 0.375 0.5516666666666666
5 0.136875 0.7175 0.27375 0.4083333333333333
5 0.06625 0.6158333333333333 0.1325 0.5183333333333333
4 0.436875 0.8158333333333333 0.42625 0.36833333333333335
4 0.811875 0.6791666666666667 0.2175 0.5416666666666666