10 0.845625 0.2225 0.21875 0.22833333333333333
10 0.851875 0.33666666666666667 0.185 0.32666666666666666
5 0.943125 0.6141666666666666 0.11375 0.5916666666666667
5 0.86625 0.6308333333333334 0.18625 0.6066666666666667
7 0.7575 0.6558333333333334 0.2425 0.645
6 0.498125 0.7225 0.5 0.54
7 0.556875 0.395 0.24375 0.48
7 0.69625 0.2525 0.15 0.39
7 0.48 0.1075 0.13 0.195
3 0.20875 0.6066666666666667 0.30125 0.43833333333333335
0 0.39875 0.4816666666666667 0.24375 0.29833333333333334
10 0.19375 0.38083333333333336 0.1325 0.285
11 0.9 0.915 0.165 0.145
10 0.25875 0.41583333333333333 0.13125 0.23666666666666666