1 0.188125 0.315 0.17375 0.25
1 0.105625 0.3375 0.125 0.25333333333333335
2 0.065 0.6341666666666667 0.13 0.445
4 0.276875 0.7041666666666667 0.37 0.31
10 0.343125 0.8491666666666666 0.4375 0.245
1 0.6775 0.8275 0.40625 0.32166666666666666
10 0.605625 0.67 0.405 0.23333333333333334
10 0.77125 0.5575 0.1825 0.39666666666666667
0 0.5875 0.5058333333333334 0.22375 0.24
1 0.351875 0.4083333333333333 0.21 0.38333333333333336
10 0.200625 0.1625 0.18375 0.13
1 0.50125 0.3358333333333333 0.24625 0.195
10 0.514375 0.15333333333333332 0.11 0.15
11 0.083125 0.8425 0.16625 0.12833333333333333
8 0.15 0.65 0.1825 0.47833333333333333