11 0.91125 0.8625 0.1775 0.12083333333333333
7 0.52125 0.5883333333333334 0.4675 0.22833333333333333
0 0.410625 0.505 0.20625 0.24083333333333334
7 0.24 0.6516666666666666 0.1975 0.52
5 0.72125 0.7541666666666667 0.385625 0.2375
7 0.931875 0.7891666666666667 0.13625 0.26166666666666666
7 0.709375 0.3675 0.386875 0.3975
10 0.599375 0.30083333333333334 0.31125 0.18416666666666667
10 0.82625 0.30583333333333335 0.161875 0.2633333333333333
10 0.945625 0.5125 0.10875 0.3675
10 0.61875 0.865 0.394375 0.19
10 0.48375 0.21916666666666668 0.0875 0.12166666666666667
10 0.500625 0.15666666666666668 0.076875 0.09583333333333334
4 0.834375 0.20833333333333334 0.174375 0.21833333333333332
10 0.22 0.49833333333333335 0.146875 0.27166666666666667
3 0.611875 0.5 0.344375 0.23833333333333334