0 0.369375 0.5683333333333334 0.28 0.355
11 0.9475 0.8608333333333333 0.105 0.135
7 0.66375 0.7875 0.63 0.425
5 0.77875 0.7483333333333333 0.4425 0.4266666666666667
5 0.9275 0.6108333333333333 0.145 0.5383333333333333
4 0.74625 0.31083333333333335 0.34625 0.295
7 0.279375 0.8908333333333334 0.46625 0.21833333333333332
10 0.7 0.5966666666666667 0.4675 0.28833333333333333
10 0.593125 0.3175 0.385 0.37333333333333335
1 0.851875 0.275 0.2175 0.46166666666666667
1 0.923125 0.2625 0.14625 0.36
1 0.784375 0.12583333333333332 0.24625 0.20833333333333334
4 0.42125 0.095 0.1325 0.145
1 0.4325 0.23416666666666666 0.18125 0.19333333333333333
1 0.1575 0.5933333333333334 0.23125 0.35333333333333333