6 0.53875 0.6241666666666666 0.19875 0.49666666666666665
6 0.475625 0.31916666666666665 0.07875 0.245
7 0.305625 0.7633333333333333 0.381875 0.3908333333333333
7 0.689375 0.36 0.389375 0.20666666666666667
7 0.645625 0.22166666666666668 0.32875 0.19
7 0.77625 0.18 0.263125 0.22
7 0.828125 0.13833333333333334 0.19125 0.15
7 0.78375 0.6791666666666667 0.155 0.5141666666666667
5 0.9175 0.6316666666666667 0.155625 0.5108333333333334
5 0.975625 0.6141666666666666 0.04875 0.41833333333333333
11 0.905625 0.8641666666666666 0.188125 0.11666666666666667
10 0.2125 0.48 0.14875 0.30666666666666664
0 0.405 0.5241666666666667 0.205625 0.24833333333333332
10 0.67875 0.6925 0.16375 0.51