7 0.26875 0.22583333333333333 0.35 0.45166666666666666
7 0.134375 0.16333333333333333 0.17875 0.32666666666666666
5 0.0675 0.4766666666666667 0.135 0.54
6 0.405625 0.33916666666666667 0.42125 0.4116666666666667
6 0.47125 0.7141666666666666 0.435 0.5716666666666667
6 0.773125 0.745 0.37625 0.51
0 0.583125 0.5483333333333333 0.2525 0.305
4 0.67375 0.74 0.2375 0.52
10 0.116875 0.5391666666666667 0.185 0.475
10 0.308125 0.7316666666666667 0.41625 0.4683333333333333
11 0.061875 0.745 0.12375 0.15666666666666668
10 0.589375 0.1825 0.1525 0.16333333333333333
10 0.235 0.12083333333333333 0.1925 0.19333333333333333
10 0.775625 0.5016666666666667 0.12125 0.185