11 0.080625 0.8908333333333334 0.16125 0.13
0 0.590625 0.5133333333333333 0.22 0.25333333333333335
1 0.640625 0.7733333333333333 0.4925 0.33
1 0.294375 0.7266666666666667 0.40875 0.4866666666666667
1 0.47875 0.8216666666666667 0.49 0.3416666666666667
1 0.425625 0.3433333333333333 0.25 0.4033333333333333
1 0.76625 0.455 0.15375 0.2833333333333333
1 0.3225 0.3958333333333333 0.275 0.41333333333333333
1 0.186875 0.415 0.15125 0.37
10 0.07125 0.6508333333333334 0.1425 0.42
10 0.029375 0.6266666666666667 0.05875 0.42
7 0.070625 0.25083333333333335 0.1175 0.33666666666666667
7 0.276875 0.15166666666666667 0.225 0.19333333333333333
4 0.149375 0.13416666666666666 0.1525 0.18666666666666668
10 0.514375 0.12333333333333334 0.09875 0.09