6 0.175 0.7508333333333334 0.35 0.49833333333333335
1 0.633125 0.8358333333333333 0.53125 0.3283333333333333
1 0.75375 0.7066666666666667 0.4325 0.51
1 0.83125 0.23916666666666667 0.2025 0.37666666666666665
1 0.911875 0.25333333333333335 0.1675 0.3616666666666667
1 0.743125 0.3725 0.34625 0.27
10 0.598125 0.2991666666666667 0.40875 0.3233333333333333
1 0.91625 0.63 0.1675 0.46
1 0.9525 0.5933333333333334 0.095 0.44666666666666666
10 0.479375 0.6658333333333334 0.43375 0.5883333333333334
0 0.383125 0.5841666666666666 0.2425 0.3333333333333333
11 0.94 0.8716666666666667 0.12 0.13333333333333333
1 0.18125 0.6425 0.23875 0.46166666666666667
10 0.44125 0.1525 0.15375 0.14333333333333334