7 0.715 0.7983333333333333 0.415 0.4033333333333333
6 0.37625 0.5791666666666667 0.3975 0.49333333333333335
6 0.745625 0.5066666666666667 0.25625 0.345
7 0.425 0.2925 0.38 0.36666666666666664
6 0.481875 0.25916666666666666 0.3 0.38166666666666665
6 0.56625 0.24166666666666667 0.17 0.3883333333333333
7 0.24625 0.14416666666666667 0.19 0.28833333333333333
7 0.1175 0.23166666666666666 0.21125 0.3516666666666667
7 0.05 0.5666666666666667 0.1 0.4
5 0.17625 0.5408333333333334 0.3175 0.5566666666666666
7 0.11125 0.43666666666666665 0.2225 0.5066666666666667
11 0.05 0.7308333333333333 0.1 0.115
0 0.571875 0.5441666666666667 0.20875 0.29833333333333334
7 0.13375 0.12583333333333332 0.1525 0.25166666666666665
4 0.71 0.7066666666666667 0.29625 0.285