11 0.113125 0.9091666666666667 0.18375 0.14166666666666666
7 0.485 0.5891666666666666 0.48625 0.285
0 0.591875 0.4925 0.22375 0.26666666666666666
7 0.773125 0.62 0.2325 0.5466666666666666
5 0.295 0.7791666666666667 0.40375 0.285
7 0.0875 0.8383333333333334 0.15 0.28
7 0.281875 0.38916666666666666 0.415 0.445
10 0.3875 0.30916666666666665 0.325 0.22166666666666668
10 0.159375 0.3408333333333333 0.18 0.2833333333333333
10 0.06 0.5616666666666666 0.12 0.38333333333333336
10 0.405625 0.8791666666666667 0.41 0.23833333333333334
10 0.49875 0.21333333333333335 0.09625 0.13166666666666665
10 0.4775 0.1525 0.08375 0.10666666666666667
4 0.145 0.24333333333333335 0.19 0.24
10 0.7825 0.4625 0.165 0.2916666666666667
3 0.38875 0.5116666666666667 0.3625 0.28