4 0.81 0.19166666666666668 0.24125 0.31166666666666665
7 0.726875 0.31666666666666665 0.31125 0.595
7 0.55875 0.245 0.2375 0.49
10 0.485 0.045 0.11 0.09
6 0.1625 0.5458333333333333 0.325 0.515
10 0.114375 0.35583333333333333 0.19125 0.3466666666666667
10 0.8125 0.14583333333333334 0.27625 0.21666666666666667
5 0.941875 0.6291666666666667 0.11625 0.575
5 0.864375 0.6425 0.27125 0.625
7 0.62875 0.7625 0.505 0.475
7 0.260625 0.7583333333333333 0.47875 0.35
6 0.4975 0.5766666666666667 0.47625 0.4583333333333333
11 0.860625 0.925 0.20625 0.15
0 0.3275 0.4216666666666667 0.26875 0.35833333333333334