0 0.3125 0.4975 0.205625 0.265
11 0.835625 0.8716666666666667 0.239375 0.12083333333333333
5 0.805 0.7466666666666667 0.201875 0.23083333333333333
10 0.886875 0.6508333333333334 0.10125 0.3441666666666667
10 0.4275 0.18666666666666668 0.1175 0.09083333333333334
7 0.700625 0.19416666666666665 0.191875 0.17333333333333334
6 0.465 0.35083333333333333 0.258125 0.23083333333333333
6 0.426875 0.6191666666666666 0.249375 0.305
6 0.16625 0.61 0.225625 0.33666666666666667
4 0.151875 0.445 0.128125 0.2325
7 0.0575 0.5733333333333334 0.085 0.33416666666666667