0 0.414375 0.5116666666666667 0.208125 0.245
10 0.67375 0.6808333333333333 0.34125 0.3933333333333333
1 0.57125 0.8441666666666666 0.460625 0.22916666666666666
1 0.229375 0.6258333333333334 0.211875 0.465
10 0.505625 0.16416666666666666 0.081875 0.0975
10 0.79375 0.20583333333333334 0.19375 0.11833333333333333
10 0.626875 0.24833333333333332 0.2725 0.145
10 0.776875 0.3 0.195 0.20916666666666667
10 0.929375 0.4625 0.136875 0.37333333333333335
4 0.9225 0.7633333333333333 0.155 0.25666666666666665
7 0.63 0.42916666666666664 0.368125 0.31
1 0.384375 0.755 0.448125 0.33416666666666667
11 0.91 0.8666666666666667 0.18 0.12583333333333332
4 0.868125 0.545 0.26375 0.2966666666666667