0 0.41 0.48833333333333334 0.2425 0.32
11 0.880625 0.9408333333333333 0.16125 0.11833333333333333
2 0.803125 0.7733333333333333 0.2875 0.4533333333333333
5 0.906875 0.6933333333333334 0.18625 0.5433333333333333
6 0.640625 0.39 0.41625 0.395
6 0.610625 0.6975 0.51 0.5833333333333334
7 0.761875 0.23666666666666666 0.33375 0.2733333333333333
3 0.27125 0.6408333333333334 0.295 0.55
3 0.215 0.6108333333333333 0.31125 0.445
10 0.23375 0.435 0.26625 0.30666666666666664
10 0.53625 0.14083333333333334 0.13375 0.16
10 0.930625 0.5208333333333334 0.12875 0.41333333333333333
1 0.898125 0.3258333333333333 0.15125 0.285
10 0.47125 0.7966666666666666 0.42 0.4066666666666667
4 0.5925 0.2775 0.19375 0.28833333333333333