0 0.4125 0.5375 0.199375 0.2175
11 0.909375 0.8608333333333333 0.180625 0.125
10 0.641875 0.8091666666666667 0.410625 0.2475
10 0.326875 0.7058333333333333 0.256875 0.4766666666666667
1 0.216875 0.6208333333333333 0.17625 0.515
10 0.815625 0.2025 0.165625 0.13
5 0.840625 0.6483333333333333 0.273125 0.44333333333333336
10 0.90375 0.6316666666666667 0.185 0.3525
10 0.93125 0.5641666666666667 0.136875 0.315
6 0.600625 0.63 0.426875 0.32166666666666666
6 0.618125 0.41583333333333333 0.37125 0.23083333333333333
6 0.59625 0.3225 0.325 0.2525
7 0.929375 0.3308333333333333 0.14125 0.3025
1 0.5025 0.18416666666666667 0.09875 0.1525
10 0.645 0.2675 0.3225 0.135