11 0.87375 0.8708333333333333 0.2525 0.17833333333333334
6 0.498125 0.7208333333333333 0.50625 0.5583333333333333
0 0.36625 0.5191666666666667 0.235 0.285
6 0.158125 0.6733333333333333 0.31625 0.4666666666666667
7 0.6575 0.35583333333333333 0.41375 0.2683333333333333
7 0.646875 0.6408333333333334 0.455 0.605
7 0.816875 0.2866666666666667 0.335 0.38333333333333336
7 0.78 0.10416666666666667 0.2575 0.20333333333333334
7 0.47125 0.115 0.1075 0.23
7 0.17375 0.495 0.3125 0.32166666666666666
5 0.78875 0.6441666666666667 0.2825 0.5183333333333333
8 0.87375 0.66 0.245 0.44666666666666666
7 0.93875 0.5633333333333334 0.1225 0.3933333333333333
7 0.444375 0.25083333333333335 0.13875 0.31833333333333336