10 0.769375 0.4025 0.325 0.28
10 0.8025 0.725 0.33125 0.26
10 0.943125 0.62 0.11375 0.38
10 0.85125 0.3416666666666667 0.1475 0.35
10 0.93 0.35583333333333333 0.1325 0.35333333333333333
1 0.650625 0.475 0.3725 0.3016666666666667
10 0.641875 0.27166666666666667 0.3425 0.16166666666666665
10 0.20875 0.5725 0.18875 0.5
10 0.48625 0.8383333333333334 0.49 0.285
0 0.396875 0.5158333333333334 0.2025 0.2733333333333333
7 0.53375 0.3516666666666667 0.1375 0.49833333333333335
11 0.916875 0.8591666666666666 0.16625 0.115
10 0.8075 0.16833333333333333 0.16625 0.12166666666666667