0 0.2775 0.4891666666666667 0.204375 0.3333333333333333
1 0.42375 0.1575 0.179375 0.315
1 0.124375 0.45666666666666667 0.1825 0.4558333333333333
1 0.665 0.3541666666666667 0.2625 0.3566666666666667
1 0.710625 0.1275 0.17625 0.21083333333333334
1 0.82375 0.685 0.181875 0.47833333333333333
1 0.69625 0.7633333333333333 0.204375 0.4725
1 0.598125 0.7033333333333334 0.21375 0.5933333333333334
4 0.48375 0.7625 0.288125 0.37166666666666665
10 0.37625 0.31833333333333336 0.159375 0.21833333333333332
11 0.819375 0.9458333333333333 0.24875 0.1075