0 0.405625 0.5158333333333334 0.19625 0.26416666666666666
1 0.246875 0.6841666666666667 0.255625 0.3958333333333333
9 0.23875 0.53 0.204375 0.2975
6 0.5625 0.6691666666666667 0.365625 0.40166666666666667
6 0.629375 0.44 0.394375 0.23333333333333334
6 0.59 0.2775 0.34125 0.24583333333333332
7 0.899375 0.22333333333333333 0.155625 0.3283333333333333
10 0.845 0.3275 0.18125 0.31583333333333335
10 0.95 0.5666666666666667 0.1 0.3541666666666667
5 0.866875 0.7275 0.265625 0.22833333333333333
10 0.884375 0.6525 0.22375 0.22
11 0.909375 0.8716666666666667 0.18125 0.1
4 0.43125 0.795 0.35625 0.2783333333333333
1 0.75 0.305 0.1825 0.18666666666666668