1 0.769375 0.7283333333333334 0.46125 0.4533333333333333
10 0.0975 0.6758333333333333 0.195 0.475
1 0.0725 0.6391666666666667 0.145 0.47833333333333333
4 0.369375 0.7333333333333333 0.51875 0.5333333333333333
8 0.251875 0.7208333333333333 0.37375 0.5166666666666667
10 0.12125 0.26166666666666666 0.24 0.3566666666666667
10 0.286875 0.3466666666666667 0.33375 0.33666666666666667
7 0.565 0.21833333333333332 0.205 0.2816666666666667
0 0.648125 0.4558333333333333 0.25625 0.335
10 0.864375 0.5616666666666666 0.27125 0.4866666666666667
10 0.876875 0.38166666666666665 0.21375 0.49166666666666664
11 0.09875 0.9275 0.1525 0.145
7 0.500625 0.05583333333333333 0.28375 0.11166666666666666
4 0.486875 0.15333333333333332 0.1925 0.28