11 0.91125 0.8616666666666667 0.1775 0.12
0 0.399375 0.5075 0.1825 0.23666666666666666
6 0.616875 0.6225 0.4225 0.305
6 0.61375 0.36083333333333334 0.353125 0.26166666666666666
6 0.49375 0.23916666666666667 0.121875 0.3616666666666667
7 0.403125 0.6783333333333333 0.3175 0.2658333333333333
10 0.21375 0.6525 0.196875 0.43833333333333335
10 0.781875 0.19333333333333333 0.196875 0.10416666666666667
4 0.905625 0.2941666666666667 0.18875 0.195
10 0.6875 0.30583333333333335 0.26125 0.18
7 0.95 0.6033333333333334 0.099375 0.37416666666666665
5 0.85875 0.615 0.18125 0.525
7 0.945 0.41 0.11 0.20666666666666667
10 0.475 0.8425 0.4625 0.22333333333333333
1 0.258125 0.4225 0.143125 0.16166666666666665