0 0.401875 0.4766666666666667 0.25625 0.33666666666666667
1 0.560625 0.24583333333333332 0.3125 0.245
1 0.916875 0.725 0.16625 0.4116666666666667
11 0.87875 0.935 0.1675 0.13
1 0.80625 0.43833333333333335 0.32625 0.4216666666666667
10 0.878125 0.33166666666666667 0.21875 0.37666666666666665
10 0.928125 0.4 0.14375 0.39
1 0.560625 0.11666666666666667 0.15375 0.15166666666666667
10 0.18375 0.5583333333333333 0.26625 0.5216666666666666
10 0.25625 0.38416666666666666 0.14875 0.30833333333333335
10 0.580625 0.5008333333333334 0.3625 0.44
1 0.336875 0.7683333333333333 0.43375 0.375
4 0.62 0.8325 0.435 0.335
1 0.7425 0.7091666666666666 0.4475 0.435
5 0.755625 0.755 0.38375 0.44666666666666666