7 0.15625 0.5375 0.3125 0.5816666666666667
5 0.879375 0.7291666666666666 0.24125 0.5416666666666666
4 0.283125 0.6 0.3675 0.47333333333333333
10 0.76 0.38333333333333336 0.34 0.3933333333333333
10 0.560625 0.3283333333333333 0.305 0.30333333333333334
10 0.956875 0.4475 0.08625 0.275
10 0.5 0.8391666666666666 0.5325 0.32166666666666666
1 0.264375 0.3358333333333333 0.13 0.19333333333333333
0 0.421875 0.4716666666666667 0.2625 0.33666666666666667
1 0.6175 0.7675 0.4875 0.465
1 0.60375 0.16333333333333333 0.15375 0.17333333333333334
10 0.881875 0.26416666666666666 0.19 0.145
1 0.895 0.41083333333333333 0.21 0.37166666666666665
10 0.8875 0.7891666666666667 0.2075 0.4216666666666667
11 0.851875 0.9508333333333333 0.16625 0.09833333333333333