11 0.1575 0.975 0.245 0.05
10 0.071875 0.7841666666666667 0.13625 0.43166666666666664
10 0.351875 0.33 0.315 0.215
10 0.891875 0.3908333333333333 0.1525 0.21166666666666667
8 0.193125 0.7891666666666667 0.17125 0.4216666666666667
8 0.095 0.8183333333333334 0.145 0.36333333333333334
6 0.55125 0.5966666666666667 0.4375 0.315
1 0.486875 0.8891666666666667 0.45625 0.22166666666666668
1 0.179375 0.3433333333333333 0.1325 0.285
1 0.135 0.49833333333333335 0.16875 0.31666666666666665
0 0.72875 0.5091666666666667 0.255 0.3416666666666667