0 0.415625 0.49916666666666665 0.2375 0.3016666666666667
11 0.935625 0.8 0.12875 0.14
10 0.669375 0.8375 0.5025 0.27
10 0.82 0.6608333333333334 0.36 0.32166666666666666
1 0.9 0.20916666666666667 0.1825 0.3333333333333333
1 0.22875 0.7016666666666667 0.2425 0.4633333333333333
1 0.57875 0.25833333333333336 0.33 0.255
1 0.464375 0.7075 0.455 0.5066666666666667
1 0.813125 0.26666666666666666 0.16875 0.34833333333333333
1 0.951875 0.47 0.09625 0.31
1 0.8975 0.6141666666666666 0.205 0.295
3 0.63375 0.4475 0.39875 0.345
10 0.480625 0.11916666666666667 0.12375 0.125
1 0.245 0.44666666666666666 0.14875 0.21833333333333332
10 0.7525 0.1075 0.10625 0.14166666666666666
10 0.494375 0.32666666666666666 0.16 0.16833333333333333