0 0.253125 0.4575 0.2525 0.3983333333333333
1 0.32 0.7708333333333334 0.4675 0.4583333333333333
1 0.09 0.5958333333333333 0.18 0.6716666666666666
1 0.0725 0.5825 0.145 0.6816666666666666
1 0.419375 0.056666666666666664 0.12125 0.11333333333333333
3 0.385625 0.43166666666666664 0.2575 0.5333333333333333
1 0.38875 0.20416666666666666 0.1575 0.25333333333333335
1 0.754375 0.3616666666666667 0.2325 0.41333333333333333
1 0.818125 0.6266666666666667 0.23 0.51
1 0.701875 0.8291666666666667 0.39375 0.3416666666666667
11 0.78875 0.9875 0.275 0.025