0 0.41125 0.5091666666666667 0.17875 0.24166666666666667
11 0.90875 0.8558333333333333 0.181875 0.11666666666666667
1 0.656875 0.7925 0.35 0.335
10 0.806875 0.20333333333333334 0.18625 0.14
1 0.513125 0.1725 0.115625 0.12583333333333332
7 0.6425 0.2841666666666667 0.32 0.1625
6 0.583125 0.48583333333333334 0.36875 0.3566666666666667
7 0.55875 0.3475 0.281875 0.145
4 0.42875 0.695 0.34625 0.43166666666666664
10 0.325 0.715 0.238125 0.45416666666666666
1 0.225 0.6216666666666667 0.190625 0.5116666666666667
4 0.909375 0.4725 0.18125 0.3125
1 0.853125 0.6466666666666666 0.29375 0.38416666666666666
10 0.759375 0.6866666666666666 0.373125 0.3225
5 0.976875 0.63 0.04625 0.4575