11 0.909375 0.8558333333333333 0.18125 0.135
5 0.75375 0.745 0.388125 0.26166666666666666
10 0.550625 0.8575 0.498125 0.185
10 0.29625 0.7416666666666667 0.331875 0.2966666666666667
10 0.204375 0.5241666666666667 0.143125 0.4008333333333333
7 0.78875 0.36583333333333334 0.289375 0.2991666666666667
4 0.84125 0.29083333333333333 0.2025 0.21416666666666667
7 0.829375 0.20416666666666666 0.193125 0.15666666666666668
10 0.954375 0.5375 0.09125 0.33916666666666667
10 0.885 0.68 0.23 0.2808333333333333
7 0.63125 0.3616666666666667 0.16125 0.5066666666666667
7 0.493125 0.49916666666666665 0.171875 0.5641666666666667
0 0.39875 0.5116666666666667 0.180625 0.2525