0 0.415 0.5175 0.205625 0.2575
11 0.909375 0.8683333333333333 0.180625 0.1125
1 0.8 0.35 0.25875 0.2683333333333333
10 0.7925 0.25333333333333335 0.193125 0.22
10 0.89625 0.2808333333333333 0.1375 0.25583333333333336
1 0.941875 0.5133333333333333 0.11625 0.3975
7 0.13375 0.6475 0.1875 0.4
10 0.24625 0.4866666666666667 0.145 0.18333333333333332
4 0.309375 0.79 0.30375 0.31916666666666665
1 0.585625 0.7958333333333333 0.44375 0.32083333333333336
1 0.640625 0.7066666666666667 0.41375 0.4033333333333333
1 0.72375 0.515 0.37625 0.2941666666666667
1 0.523125 0.305 0.345 0.21083333333333334
1 0.491875 0.14166666666666666 0.106875 0.10583333333333333
1 0.8925 0.7191666666666666 0.214375 0.25333333333333335