10 0.255625 0.855 0.3875 0.2833333333333333
10 0.66125 0.8366666666666667 0.455 0.27166666666666667
1 0.14125 0.7066666666666667 0.2775 0.335
10 0.065625 0.5708333333333333 0.13125 0.355
10 0.168125 0.37916666666666665 0.1425 0.36
7 0.455625 0.5525 0.37125 0.5583333333333333
7 0.414375 0.1925 0.2925 0.295
7 0.226875 0.43333333333333335 0.1775 0.44333333333333336
6 0.789375 0.5558333333333333 0.2825 0.4216666666666667
6 0.520625 0.2991666666666667 0.15125 0.355
0 0.6075 0.5083333333333333 0.22375 0.2833333333333333
4 0.1375 0.2375 0.17375 0.24166666666666667
11 0.11 0.9116666666666666 0.185 0.145
10 0.85 0.6283333333333333 0.1525 0.3883333333333333