0 0.405625 0.5041666666666667 0.18125 0.2325
6 0.51125 0.7083333333333334 0.37625 0.4608333333333333
6 0.620625 0.6058333333333333 0.42 0.31083333333333335
6 0.600625 0.3491666666666667 0.31375 0.26166666666666666
4 0.256875 0.6583333333333333 0.299375 0.385
5 0.850625 0.6275 0.16 0.5458333333333333
5 0.964375 0.6158333333333333 0.07125 0.4675
7 0.925 0.3983333333333333 0.109375 0.3641666666666667
7 0.563125 0.19416666666666665 0.25625 0.17416666666666666
10 0.783125 0.20416666666666666 0.2225 0.13166666666666665
10 0.79875 0.3616666666666667 0.180625 0.2916666666666667
11 0.91 0.8583333333333333 0.18 0.11833333333333333
10 0.279375 0.4766666666666667 0.11625 0.21166666666666667
10 0.216875 0.445 0.1175 0.24916666666666668
7 0.479375 0.315 0.11625 0.14333333333333334