6 0.20375 0.42083333333333334 0.118125 0.155
10 0.27625 0.7425 0.21125 0.3908333333333333
10 0.400625 0.12666666666666668 0.073125 0.09333333333333334
10 0.711875 0.21583333333333332 0.1425 0.12666666666666668
10 0.815625 0.2833333333333333 0.10625 0.20416666666666666
10 0.80125 0.4508333333333333 0.17875 0.19
10 0.89375 0.6808333333333333 0.104375 0.3075
11 0.838125 0.8733333333333333 0.230625 0.12083333333333333
0 0.315625 0.49833333333333335 0.20125 0.26
1 0.58625 0.6216666666666667 0.34875 0.35833333333333334
1 0.81625 0.68 0.12875 0.3566666666666667