0 0.456875 0.5575 0.26875 0.34
11 0.97875 0.8558333333333333 0.0425 0.12166666666666667
1 0.855 0.28583333333333333 0.2825 0.355
10 0.858125 0.1725 0.2475 0.295
10 0.936875 0.18916666666666668 0.1 0.30833333333333335
7 0.148125 0.7583333333333333 0.26375 0.48333333333333334
10 0.25875 0.5583333333333333 0.19 0.24333333333333335
4 0.36375 0.8383333333333334 0.3825 0.3233333333333333
1 0.683125 0.8033333333333333 0.54375 0.3933333333333333
1 0.738125 0.725 0.52375 0.55
1 0.78875 0.49083333333333334 0.4225 0.415
1 0.555 0.29 0.4225 0.31666666666666665
1 0.5 0.1075 0.13625 0.145
1 0.945625 0.6983333333333334 0.10875 0.31333333333333335