0 0.414375 0.5133333333333333 0.20875 0.24166666666666667
11 0.908125 0.8566666666666667 0.183125 0.14833333333333334
5 0.744375 0.6841666666666667 0.326875 0.43166666666666664
5 0.94 0.5916666666666667 0.12 0.5783333333333334
6 0.610625 0.42 0.328125 0.34833333333333333
6 0.49 0.725 0.33375 0.47833333333333333
7 0.525625 0.23583333333333334 0.22125 0.18916666666666668
7 0.785625 0.4766666666666667 0.268125 0.265
10 0.800625 0.23333333333333334 0.21125 0.1775
10 0.7975 0.3441666666666667 0.170625 0.2891666666666667
3 0.23875 0.6508333333333334 0.234375 0.38416666666666666
10 0.24125 0.5158333333333334 0.151875 0.22083333333333333
10 0.20875 0.44583333333333336 0.09 0.2225
7 0.481875 0.12083333333333333 0.08 0.1125