1 0.194375 0.7358333333333333 0.31875 0.5283333333333333
1 0.595625 0.31916666666666665 0.365 0.4
1 0.398125 0.17416666666666666 0.155 0.17166666666666666
10 0.760625 0.19583333333333333 0.35375 0.34
1 0.840625 0.15666666666666668 0.24625 0.31333333333333335
0 0.373125 0.5408333333333334 0.27875 0.34
11 0.939375 0.75 0.12125 0.18666666666666668
10 0.6325 0.7791666666666667 0.585 0.44166666666666665
10 0.47 0.375 0.24125 0.2966666666666667
10 0.89625 0.5158333333333334 0.2075 0.43166666666666664
10 0.944375 0.4691666666666667 0.11125 0.4483333333333333
4 0.754375 0.4375 0.4225 0.56
5 0.815 0.67 0.37 0.35333333333333333
10 0.361875 0.7591666666666667 0.46125 0.4816666666666667
10 0.755 0.1275 0.23 0.255