0 0.59625 0.4825 0.24375 0.3016666666666667
11 0.1325 0.9358333333333333 0.18 0.12833333333333333
1 0.8125 0.5575 0.255 0.5216666666666666
10 0.34125 0.71 0.405 0.47
10 0.074375 0.5316666666666666 0.14875 0.4066666666666667
10 0.155625 0.24666666666666667 0.195 0.16833333333333333
10 0.19375 0.3408333333333333 0.2175 0.245
10 0.456875 0.14083333333333334 0.09125 0.10833333333333334
10 0.349375 0.25583333333333336 0.31875 0.20833333333333334
7 0.406875 0.41333333333333333 0.3975 0.3616666666666667
1 0.66 0.7266666666666667 0.5025 0.45666666666666667
4 0.174375 0.6041666666666666 0.27 0.37166666666666665
4 0.116875 0.8275 0.1875 0.23833333333333334
10 0.459375 0.8541666666666666 0.53125 0.2916666666666667