0 0.42625 0.49 0.225 0.2833333333333333
11 0.930625 0.8633333333333333 0.13875 0.12
5 0.77875 0.8141666666666667 0.3875 0.24333333333333335
5 0.94375 0.5875 0.1125 0.5866666666666667
7 0.731875 0.59 0.4175 0.36
7 0.7325 0.42833333333333334 0.3375 0.35
7 0.640625 0.3233333333333333 0.1625 0.4483333333333333
7 0.358125 0.7925 0.3875 0.24
6 0.240625 0.6091666666666666 0.4325 0.37333333333333335
10 0.213125 0.4725 0.13 0.31
10 0.525 0.1075 0.0925 0.095
4 0.804375 0.20916666666666667 0.205 0.19333333333333333
10 0.8225 0.15666666666666668 0.255 0.16