5 0.84375 0.6475 0.3125 0.375
5 0.893125 0.5725 0.21375 0.43166666666666664
7 0.515625 0.4625 0.24 0.5883333333333334
1 0.24875 0.675 0.2675 0.575
10 0.36875 0.7341666666666666 0.325 0.5316666666666666
10 0.5975 0.3516666666666667 0.21375 0.44166666666666665
1 0.48875 0.14 0.145 0.19333333333333333
4 0.815625 0.13916666666666666 0.18125 0.23666666666666666
4 0.900625 0.2758333333333333 0.195 0.4816666666666667
7 0.965625 0.31583333333333335 0.06875 0.355
10 0.71 0.7775 0.4475 0.3333333333333333
11 0.945 0.7791666666666667 0.11 0.15166666666666667
0 0.42875 0.5266666666666666 0.23 0.315