10 0.898125 0.6241666666666666 0.15625 0.3566666666666667
10 0.705 0.19833333333333333 0.17875 0.15333333333333332
10 0.361875 0.18833333333333332 0.11875 0.155
10 0.4225 0.385 0.285 0.28
10 0.16 0.7858333333333334 0.1825 0.42833333333333334
11 0.87125 0.8433333333333334 0.25375 0.17
0 0.283125 0.5466666666666666 0.2375 0.3
1 0.61375 0.815 0.3875 0.37
1 0.760625 0.6658333333333334 0.2875 0.3883333333333333
1 0.76875 0.34 0.245 0.31666666666666665
4 0.331875 0.7808333333333334 0.26125 0.43833333333333335