11 0.120625 0.9816666666666667 0.11625 0.03666666666666667
0 0.561875 0.5275 0.275 0.355
5 0.26375 0.885 0.4375 0.23
5 0.114375 0.7375 0.22875 0.525
7 0.59375 0.7608333333333334 0.62625 0.4533333333333333
7 0.78875 0.5633333333333334 0.34875 0.5866666666666667
4 0.305625 0.3625 0.3375 0.3433333333333333
4 0.1725 0.45666666666666667 0.3325 0.275
4 0.298125 0.6583333333333333 0.49875 0.41
1 0.1075 0.28583333333333333 0.215 0.185
1 0.088125 0.41 0.17625 0.36333333333333334
1 0.030625 0.4483333333333333 0.06125 0.2733333333333333
1 0.441875 0.275 0.175 0.24