11 0.8325 0.9666666666666667 0.1725 0.06666666666666667
0 0.4225 0.485 0.2525 0.32166666666666666
10 0.753125 0.4633333333333333 0.3075 0.335
10 0.88875 0.4175 0.2225 0.345
4 0.618125 0.7308333333333333 0.48375 0.5383333333333333
10 0.695 0.7483333333333333 0.33 0.5033333333333333
10 0.209375 0.5358333333333334 0.285 0.475
10 0.215625 0.4116666666666667 0.20125 0.3616666666666667
1 0.27875 0.6991666666666667 0.4625 0.4716666666666667
10 0.875 0.7783333333333333 0.185 0.4266666666666667
1 0.8925 0.7633333333333333 0.215 0.46
10 0.635 0.305 0.2475 0.2966666666666667
7 0.56875 0.37 0.26875 0.4116666666666667