0 0.431875 0.5075 0.2575 0.3283333333333333
11 0.949375 0.7541666666666667 0.10125 0.16166666666666665
4 0.750625 0.7041666666666667 0.40125 0.46
8 0.873125 0.5691666666666667 0.23625 0.5166666666666667
8 0.938125 0.5458333333333333 0.12375 0.465
8 0.980625 0.5233333333333333 0.03875 0.4666666666666667
1 0.673125 0.3491666666666667 0.28125 0.465
10 0.8025 0.0725 0.215 0.145
10 0.4825 0.11416666666666667 0.11375 0.17
1 0.514375 0.2841666666666667 0.2525 0.24333333333333335
10 0.22875 0.565 0.1925 0.425
10 0.35625 0.79 0.455 0.42
10 0.715625 0.8066666666666666 0.46 0.3333333333333333
1 0.9175 0.23416666666666666 0.14125 0.285
1 0.83 0.21166666666666667 0.205 0.28833333333333333