7 0.635 0.7658333333333334 0.4325 0.4683333333333333
5 0.763125 0.7558333333333334 0.33375 0.425
5 0.87375 0.7233333333333334 0.24875 0.39
7 0.929375 0.6275 0.14125 0.255
7 0.906875 0.44333333333333336 0.18625 0.27666666666666667
6 0.494375 0.2658333333333333 0.14375 0.42333333333333334
7 0.155 0.5933333333333334 0.27625 0.495
10 0.37625 0.8575 0.465 0.285
0 0.39875 0.5141666666666667 0.23375 0.295
1 0.59375 0.32083333333333336 0.25625 0.24833333333333332
10 0.818125 0.3308333333333333 0.21125 0.33166666666666667
10 0.824375 0.22166666666666668 0.21 0.13
10 0.915 0.35333333333333333 0.13 0.255
11 0.871875 0.9341666666666667 0.19875 0.13166666666666665