4 0.82875 0.23083333333333333 0.24125 0.3466666666666667
7 0.74625 0.3425 0.3175 0.6166666666666667
7 0.590625 0.25916666666666666 0.245 0.5183333333333333
10 0.526875 0.075 0.1075 0.125
6 0.18125 0.5341666666666667 0.3625 0.515
10 0.164375 0.3591666666666667 0.19 0.335
10 0.83 0.2075 0.26375 0.22
5 0.934375 0.6716666666666666 0.13125 0.5433333333333333
5 0.86125 0.6791666666666667 0.2775 0.5983333333333334
7 0.633125 0.7691666666666667 0.48875 0.46166666666666667
7 0.2875 0.7475 0.4575 0.3566666666666667
6 0.516875 0.5916666666666667 0.45875 0.45666666666666667
11 0.846875 0.9333333333333333 0.20375 0.13333333333333333
0 0.363125 0.43416666666666665 0.2625 0.35