0 0.409375 0.5241666666666667 0.19625 0.245
11 0.91 0.8633333333333333 0.179375 0.11583333333333333
1 0.77875 0.6208333333333333 0.276875 0.43583333333333335
6 0.553125 0.275 0.24125 0.3333333333333333
10 0.501875 0.16083333333333333 0.105625 0.11
10 0.780625 0.30833333333333335 0.121875 0.315
10 0.299375 0.7725 0.375 0.26166666666666666
10 0.613125 0.8583333333333333 0.459375 0.1925
6 0.59875 0.6183333333333333 0.451875 0.38333333333333336
6 0.6075 0.36916666666666664 0.3425 0.2658333333333333
6 0.20375 0.5591666666666667 0.31375 0.37666666666666665
5 0.9125 0.6225 0.175 0.4525
7 0.92375 0.4675 0.150625 0.29083333333333333
1 0.9025 0.31416666666666665 0.156875 0.23416666666666666