11 0.909375 0.8625 0.18125 0.1275
10 0.691875 0.7566666666666667 0.3075 0.385
10 0.82 0.6333333333333333 0.2125 0.4216666666666667
6 0.253125 0.6841666666666667 0.314375 0.41333333333333333
10 0.221875 0.6083333333333333 0.191875 0.42916666666666664
6 0.6225 0.455 0.385625 0.25583333333333336
6 0.563125 0.27166666666666667 0.26375 0.32416666666666666
7 0.71625 0.25 0.23625 0.24333333333333335
10 0.814375 0.2125 0.175625 0.15
6 0.286875 0.43 0.1725 0.18166666666666667
3 0.52 0.7125 0.250625 0.4891666666666667
8 0.914375 0.6566666666666666 0.160625 0.42916666666666664
7 0.97 0.6141666666666666 0.059375 0.44083333333333335
6 0.48 0.18166666666666667 0.093125 0.21166666666666667