4 0.811875 0.13916666666666666 0.22125 0.2783333333333333
7 0.591875 0.40166666666666667 0.3875 0.5366666666666666
4 0.498125 0.27416666666666667 0.31 0.2966666666666667
4 0.2475 0.7116666666666667 0.3 0.495
1 0.648125 0.7658333333333334 0.49375 0.43666666666666665
5 0.839375 0.6475 0.32125 0.36833333333333335
5 0.92375 0.48 0.1525 0.6
7 0.703125 0.225 0.3675 0.40166666666666667
7 0.276875 0.52 0.19125 0.43666666666666665
7 0.165 0.53 0.14 0.45
0 0.418125 0.5308333333333334 0.24375 0.31833333333333336
11 0.92625 0.775 0.1475 0.15666666666666668
10 0.458125 0.15416666666666667 0.13125 0.13166666666666665
4 0.8 0.1025 0.16 0.19166666666666668