10 0.468125 0.43166666666666664 0.27625 0.6233333333333333
10 0.283125 0.2633333333333333 0.34875 0.2816666666666667
1 0.126875 0.17416666666666666 0.225 0.20833333333333334
10 0.0775 0.37083333333333335 0.155 0.25833333333333336
4 0.2525 0.5358333333333334 0.38125 0.54
1 0.1675 0.44916666666666666 0.32875 0.28
1 0.220625 0.7683333333333333 0.42125 0.4633333333333333
1 0.09625 0.7175 0.1925 0.485
1 0.4975 0.7575 0.57 0.485
1 0.721875 0.7033333333333334 0.55625 0.5466666666666666
1 0.865625 0.4766666666666667 0.26875 0.5533333333333333
0 0.673125 0.4175 0.27625 0.3433333333333333
1 0.878125 0.2683333333333333 0.1725 0.32166666666666666
1 0.511875 0.05 0.11875 0.1
1 0.534375 0.19416666666666665 0.16125 0.21833333333333332
11 0.160625 0.9433333333333334 0.21375 0.11333333333333333