11 0.935625 0.8066666666666666 0.12875 0.16666666666666666
0 0.405 0.5533333333333333 0.25125 0.30333333333333334
1 0.38875 0.8008333333333333 0.53 0.3983333333333333
1 0.72625 0.6958333333333333 0.46875 0.5766666666666667
1 0.555 0.8033333333333333 0.5275 0.3933333333333333
1 0.54625 0.3466666666666667 0.3 0.4583333333333333
1 0.22375 0.5358333333333334 0.18875 0.315
1 0.655625 0.375 0.32625 0.47333333333333333
1 0.791875 0.3616666666666667 0.19875 0.4033333333333333
10 0.919375 0.5675 0.16125 0.4483333333333333
10 0.959375 0.5325 0.08125 0.42833333333333334
7 0.88625 0.17666666666666667 0.16 0.35333333333333333
7 0.668125 0.1225 0.2475 0.24333333333333335
4 0.791875 0.0925 0.17625 0.185
10 0.43 0.14916666666666667 0.11 0.11166666666666666