0 0.4125 0.52 0.200625 0.2475
11 0.90875 0.8575 0.181875 0.125
10 0.520625 0.8366666666666667 0.49625 0.2525
10 0.235 0.41833333333333333 0.090625 0.1775
1 0.576875 0.37916666666666665 0.330625 0.225
10 0.664375 0.265 0.305625 0.16166666666666665
10 0.8075 0.18 0.17375 0.095
1 0.925625 0.35333333333333333 0.14 0.2875
1 0.843125 0.355 0.1625 0.3175
1 0.93625 0.6275 0.1275 0.395
1 0.78625 0.7191666666666666 0.35 0.31666666666666665
4 0.26375 0.7133333333333334 0.306875 0.27416666666666667
7 0.80875 0.6016666666666667 0.2625 0.5966666666666667
1 0.778125 0.5175 0.333125 0.36583333333333334
1 0.49125 0.21833333333333332 0.1175 0.21333333333333335