1 0.710625 0.8191666666666667 0.50375 0.3616666666666667
10 0.10375 0.5625 0.2075 0.48833333333333334
1 0.085625 0.5116666666666667 0.17125 0.49
4 0.32875 0.7141666666666666 0.545 0.5716666666666667
8 0.22 0.6708333333333333 0.4125 0.565
10 0.21 0.19083333333333333 0.2675 0.38166666666666665
10 0.3425 0.3383333333333333 0.35375 0.38666666666666666
7 0.63125 0.3375 0.22625 0.30666666666666664
0 0.651875 0.5933333333333334 0.28 0.36833333333333335
10 0.833125 0.7641666666666667 0.32375 0.4716666666666667
10 0.875625 0.6208333333333333 0.24875 0.5083333333333333
11 0.054375 0.7908333333333334 0.10875 0.17166666666666666
7 0.62 0.12083333333333333 0.2975 0.24166666666666667
4 0.574375 0.24416666666666667 0.215 0.30333333333333334