10 0.239375 0.7208333333333333 0.2575 0.5533333333333333
10 0.50125 0.6933333333333334 0.47125 0.3616666666666667
10 0.553125 0.36833333333333335 0.245 0.44666666666666666
10 0.780625 0.1175 0.21125 0.21
10 0.695 0.845 0.49 0.31
7 0.500625 0.23916666666666667 0.28125 0.3
5 0.833125 0.565 0.33375 0.59
5 0.925 0.525 0.15 0.43666666666666665
11 0.9525 0.7575 0.095 0.15833333333333333
4 0.91125 0.33 0.1775 0.30333333333333334
4 0.889375 0.16833333333333333 0.16125 0.21666666666666667
0 0.43375 0.5333333333333333 0.25875 0.32166666666666666