0 0.395625 0.5308333333333334 0.2575 0.33666666666666667
11 0.930625 0.7216666666666667 0.13875 0.17666666666666667
10 0.9 0.6125 0.2 0.2783333333333333
1 0.655 0.3275 0.26375 0.4533333333333333
1 0.4475 0.33 0.27375 0.28
1 0.345625 0.8091666666666667 0.38625 0.38166666666666665
1 0.2325 0.6566666666666666 0.26875 0.42
1 0.1875 0.53 0.13625 0.245
1 0.444375 0.18166666666666667 0.215 0.22333333333333333
1 0.70375 0.625 0.3525 0.5866666666666667
10 0.580625 0.6666666666666666 0.30375 0.6116666666666667
7 0.73375 0.19833333333333333 0.39 0.39666666666666667
1 0.873125 0.23833333333333334 0.175 0.3466666666666667
10 0.768125 0.27166666666666667 0.1725 0.36666666666666664
4 0.929375 0.38666666666666666 0.14125 0.38333333333333336