11 0.04625 0.7058333333333333 0.0925 0.18833333333333332
0 0.604375 0.535 0.245 0.3433333333333333
6 0.365 0.565 0.5 0.5033333333333333
6 0.480625 0.25666666666666665 0.3425 0.46
6 0.584375 0.21333333333333335 0.22625 0.4266666666666667
7 0.3125 0.20166666666666666 0.4 0.4033333333333333
5 0.16625 0.51 0.3325 0.6533333333333333
7 0.23375 0.8041666666666667 0.4675 0.37166666666666665
7 0.5875 0.7833333333333333 0.3875 0.43333333333333335
3 0.76375 0.74 0.34875 0.49
7 0.104375 0.1625 0.16375 0.325
10 0.29625 0.22666666666666666 0.295 0.39166666666666666
10 0.1675 0.14416666666666667 0.2025 0.28833333333333333