7 0.81875 0.695 0.27125 0.5383333333333333
5 0.09875 0.5741666666666667 0.1975 0.5483333333333333
4 0.684375 0.6966666666666667 0.33 0.42
10 0.2975 0.29583333333333334 0.30875 0.3416666666666667
10 0.49375 0.32916666666666666 0.2825 0.25666666666666665
10 0.070625 0.26166666666666666 0.1275 0.26166666666666666
10 0.423125 0.845 0.50875 0.28
1 0.764375 0.46166666666666667 0.115 0.17666666666666667
0 0.586875 0.52 0.235 0.3
1 0.333125 0.7275 0.45 0.42833333333333334
1 0.493125 0.16 0.14 0.15
10 0.213125 0.135 0.18 0.115
1 0.16625 0.26416666666666666 0.1775 0.345
10 0.0825 0.6233333333333333 0.165 0.42
11 0.07375 0.8041666666666667 0.1475 0.135