10 0.128125 0.5983333333333334 0.2275 0.5516666666666666
10 0.39125 0.6825 0.4725 0.315
10 0.51875 0.3858333333333333 0.2225 0.44
10 0.801875 0.2375 0.2075 0.19166666666666668
10 0.543125 0.8933333333333333 0.49625 0.21333333333333335
7 0.49875 0.23833333333333334 0.275 0.27666666666666667
5 0.75625 0.7033333333333334 0.32625 0.5766666666666667
5 0.89125 0.7108333333333333 0.2175 0.445
11 0.87 0.9383333333333334 0.2 0.12333333333333334
4 0.89875 0.505 0.2025 0.30333333333333334
4 0.909375 0.3375 0.18125 0.215
0 0.363125 0.4975 0.24875 0.305