0 0.3975 0.5083333333333333 0.17 0.23833333333333334
11 0.906875 0.86 0.1775 0.11916666666666667
2 0.795 0.6958333333333333 0.265625 0.3675
5 0.866875 0.6225 0.2125 0.4891666666666667
5 0.96625 0.6108333333333333 0.0675 0.4791666666666667
6 0.5875 0.6383333333333333 0.38375 0.36916666666666664
6 0.598125 0.36083333333333334 0.3225 0.31166666666666665
3 0.49875 0.7308333333333333 0.365 0.455
4 0.394375 0.82 0.369375 0.25583333333333336
3 0.243125 0.665 0.2525 0.38166666666666665
10 0.216875 0.5066666666666667 0.190625 0.2891666666666667
1 0.834375 0.275 0.11875 0.21583333333333332
10 0.880625 0.38416666666666666 0.086875 0.21916666666666668
7 0.479375 0.19416666666666665 0.085 0.215