11 0.161875 0.8366666666666667 0.26875 0.15833333333333333
0 0.756875 0.4816666666666667 0.24 0.31833333333333336
10 0.5975 0.32 0.2225 0.27166666666666667
10 0.46125 0.875 0.3875 0.19666666666666666
4 0.74125 0.7308333333333333 0.31 0.3616666666666667
5 0.251875 0.715 0.25375 0.31333333333333335
7 0.175 0.5491666666666667 0.24875 0.2816666666666667
10 0.0975 0.6416666666666667 0.11125 0.3416666666666667
7 0.83375 0.8208333333333333 0.31125 0.2633333333333333
7 0.92375 0.4775 0.1525 0.32166666666666666
7 0.240625 0.20166666666666666 0.09875 0.21833333333333332