0 0.415625 0.51 0.206875 0.2708333333333333
11 0.90625 0.855 0.1875 0.13916666666666666
10 0.63 0.8616666666666667 0.439375 0.195
10 0.25125 0.4791666666666667 0.135625 0.3375
10 0.574375 0.385 0.285625 0.2425
10 0.804375 0.1975 0.195625 0.11583333333333333
10 0.794375 0.29583333333333334 0.24375 0.15833333333333333
10 0.8675 0.35 0.17625 0.15416666666666667
2 0.908125 0.6791666666666667 0.165 0.3616666666666667
10 0.960625 0.6058333333333333 0.07875 0.4066666666666667
5 0.768125 0.6975 0.33 0.36666666666666664
7 0.25625 0.7625 0.42625 0.2841666666666667
4 0.780625 0.4841666666666667 0.305 0.23
6 0.55625 0.29833333333333334 0.226875 0.36916666666666664