10 0.84875 0.18166666666666667 0.20875 0.19333333333333333
10 0.56 0.19833333333333333 0.30625 0.31166666666666665
10 0.88375 0.33666666666666667 0.17625 0.24333333333333335
8 0.85875 0.7583333333333333 0.2 0.48333333333333334
10 0.108125 0.5141666666666667 0.21625 0.4716666666666667
10 0.185625 0.6408333333333334 0.36875 0.5133333333333333
1 0.55875 0.425 0.3225 0.495
1 0.743125 0.44166666666666665 0.27125 0.44333333333333336
1 0.62 0.8 0.4275 0.4
1 0.91875 0.73 0.16125 0.395
0 0.31 0.37833333333333335 0.27625 0.3566666666666667
11 0.835625 0.9266666666666666 0.23625 0.14666666666666667