0 0.45 0.5283333333333333 0.2625 0.335
11 0.891875 0.9741666666666666 0.10625 0.051666666666666666
10 0.624375 0.885 0.52375 0.23
10 0.198125 0.6416666666666667 0.27125 0.5766666666666667
7 0.22125 0.5725 0.2925 0.545
6 0.6625 0.6741666666666667 0.465 0.5733333333333334
7 0.656875 0.36 0.335 0.365
7 0.805625 0.33416666666666667 0.38875 0.35833333333333334
7 0.723125 0.14916666666666667 0.3075 0.26666666666666666
7 0.9 0.30833333333333335 0.2 0.32666666666666666
5 0.874375 0.7633333333333333 0.24625 0.47333333333333333
8 0.869375 0.735 0.26125 0.53
10 0.9525 0.6825 0.095 0.415