0 0.4125 0.5116666666666667 0.20625 0.25833333333333336
11 0.91125 0.865 0.1775 0.11333333333333333
10 0.62625 0.8641666666666666 0.46375 0.1925
10 0.784375 0.7183333333333334 0.326875 0.2608333333333333
1 0.894375 0.30333333333333334 0.1575 0.2966666666666667
1 0.22125 0.6775 0.19875 0.41333333333333333
1 0.584375 0.30583333333333335 0.299375 0.20166666666666666
1 0.4425 0.7141666666666666 0.4 0.4266666666666667
1 0.804375 0.3441666666666667 0.13625 0.31333333333333335
1 0.9425 0.5566666666666666 0.115 0.2833333333333333
1 0.885625 0.6858333333333333 0.22875 0.255
3 0.62125 0.49166666666666664 0.35875 0.2783333333333333
10 0.501875 0.16166666666666665 0.11 0.10333333333333333
1 0.255625 0.44 0.12625 0.19166666666666668
10 0.759375 0.1875 0.091875 0.12166666666666667
10 0.499375 0.3591666666666667 0.140625 0.14083333333333334