7 0.1775 0.6575 0.225625 0.4925
5 0.9 0.6425 0.18875 0.5083333333333333
4 0.308125 0.6775 0.291875 0.36833333333333335
10 0.71125 0.3441666666666667 0.2775 0.295
10 0.519375 0.3491666666666667 0.25875 0.21333333333333335
10 0.94 0.3425 0.119375 0.24083333333333334
10 0.54875 0.8566666666666667 0.48 0.205
1 0.248125 0.44083333333333335 0.099375 0.1575
0 0.415 0.5208333333333334 0.2075 0.2625
1 0.644375 0.755 0.41 0.3591666666666667
1 0.5325 0.18666666666666668 0.12625 0.12916666666666668
10 0.804375 0.20083333333333334 0.16875 0.08833333333333333
1 0.840625 0.33166666666666667 0.14875 0.315
10 0.91375 0.69 0.171875 0.38666666666666666
11 0.91 0.8666666666666667 0.18 0.10833333333333334