1 0.746875 0.30416666666666664 0.215 0.30666666666666664
0 0.419375 0.5333333333333333 0.23625 0.29333333333333333
5 0.793125 0.6441666666666667 0.35375 0.445
5 0.698125 0.8183333333333334 0.49375 0.30333333333333334
6 0.50625 0.2625 0.28125 0.36833333333333335
10 0.374375 0.6758333333333333 0.42125 0.3983333333333333
10 0.23375 0.5316666666666666 0.1775 0.2966666666666667
1 0.6375 0.3566666666666667 0.2375 0.38333333333333336
10 0.879375 0.225 0.15375 0.2966666666666667
4 0.748125 0.14416666666666667 0.17875 0.23333333333333334
10 0.92 0.53 0.16 0.44333333333333336
1 0.9375 0.5208333333333334 0.125 0.40166666666666667
11 0.93875 0.76 0.1225 0.14
4 0.700625 0.5316666666666666 0.43375 0.3883333333333333