0 0.534375 0.59 0.25375 0.33166666666666667
1 0.398125 0.30416666666666664 0.325 0.22166666666666668
1 0.13625 0.45 0.2725 0.41333333333333333
10 0.07625 0.3175 0.1525 0.38
10 0.023125 0.375 0.04625 0.4
1 0.41625 0.1675 0.1575 0.145
10 0.755625 0.7325 0.25 0.535
10 0.7025 0.5283333333333333 0.1375 0.31833333333333336
10 0.34125 0.5708333333333333 0.36375 0.43
1 0.564375 0.8716666666666667 0.44625 0.25666666666666665
4 0.25125 0.88 0.4475 0.23666666666666666
1 0.18375 0.755 0.3675 0.41
5 0.155625 0.7875 0.31125 0.4083333333333333