0 0.4475 0.5475 0.25375 0.3333333333333333
11 0.965625 0.8116666666666666 0.06875 0.15333333333333332
2 0.871875 0.6566666666666666 0.25625 0.47
5 0.938125 0.54 0.12375 0.5466666666666666
6 0.6475 0.355 0.43 0.41833333333333333
6 0.690625 0.6658333333333334 0.53 0.6133333333333333
7 0.72875 0.15583333333333332 0.34375 0.2916666666666667
3 0.34875 0.7341666666666666 0.3125 0.5316666666666666
3 0.2875 0.7475 0.325 0.4633333333333333
10 0.264375 0.5691666666666667 0.27625 0.32166666666666666
10 0.4875 0.1575 0.13875 0.16666666666666666
10 0.944375 0.36083333333333334 0.11125 0.4216666666666667
1 0.881875 0.185 0.16 0.295
10 0.580625 0.8016666666666666 0.43125 0.39666666666666667
4 0.574375 0.2658333333333333 0.20375 0.3