10 0.149375 0.7883333333333333 0.29875 0.2966666666666667
10 0.51 0.8908333333333334 0.5 0.21833333333333332
1 0.08125 0.63 0.1625 0.38666666666666666
10 0.10375 0.2833333333333333 0.2025 0.415
7 0.359375 0.5941666666666666 0.47125 0.6833333333333333
7 0.408125 0.2 0.35 0.385
7 0.15125 0.36666666666666664 0.25 0.5116666666666667
6 0.70625 0.745 0.3575 0.51
6 0.49125 0.36 0.21125 0.41333333333333333
0 0.529375 0.6158333333333333 0.27625 0.355
4 0.125625 0.13583333333333333 0.18125 0.27166666666666667
10 0.750625 0.8133333333333334 0.21625 0.37333333333333335