6 0.54875 0.7183333333333334 0.3075 0.48333333333333334
6 0.635 0.5058333333333334 0.40875 0.25666666666666665
6 0.2425 0.585 0.24625 0.39166666666666666
6 0.5525 0.2966666666666667 0.24375 0.3333333333333333
7 0.704375 0.2808333333333333 0.20125 0.24916666666666668
7 0.84 0.5508333333333333 0.235625 0.4216666666666667
7 0.719375 0.7258333333333333 0.386875 0.4033333333333333
7 0.201875 0.39 0.13375 0.18166666666666667
5 0.941875 0.6141666666666666 0.11625 0.4716666666666667
4 0.835 0.19583333333333333 0.135625 0.18083333333333335
7 0.50125 0.21916666666666668 0.099375 0.26416666666666666
0 0.4125 0.5191666666666667 0.196875 0.2575
11 0.91875 0.86 0.1625 0.1
4 0.854375 0.3458333333333333 0.20125 0.22333333333333333