6 0.22625 0.6583333333333333 0.266875 0.43
1 0.613125 0.8141666666666667 0.439375 0.2916666666666667
1 0.72625 0.6808333333333333 0.34 0.3858333333333333
1 0.82875 0.2925 0.1475 0.3016666666666667
1 0.905625 0.31666666666666665 0.134375 0.2941666666666667
1 0.74375 0.39416666666666667 0.2825 0.1875
10 0.625625 0.31166666666666665 0.33375 0.225
1 0.89625 0.64 0.160625 0.375
1 0.94 0.6141666666666666 0.12 0.375
10 0.495 0.6066666666666667 0.33375 0.455
0 0.419375 0.5241666666666667 0.186875 0.25916666666666666
11 0.9125 0.8633333333333333 0.174375 0.11666666666666667
1 0.2425 0.5458333333333333 0.1725 0.37166666666666665
10 0.5025 0.16416666666666666 0.12375 0.105