11 0.066875 0.8275 0.13375 0.14833333333333334
10 0.084375 0.5825 0.16875 0.445
4 0.09875 0.22083333333333333 0.14375 0.30333333333333334
4 0.184375 0.1825 0.12375 0.24
10 0.34625 0.2325 0.3075 0.2
10 0.2225 0.33166666666666667 0.31375 0.25
4 0.37875 0.7316666666666667 0.35 0.5366666666666666
3 0.545625 0.7383333333333333 0.26875 0.48333333333333334
3 0.448125 0.4716666666666667 0.30875 0.3983333333333333
6 0.53375 0.26666666666666666 0.16125 0.4683333333333333
6 0.753125 0.7241666666666666 0.375 0.4533333333333333
3 0.774375 0.6075 0.295 0.30333333333333334
7 0.0425 0.4241666666666667 0.085 0.37833333333333335
6 0.75 0.42833333333333334 0.20375 0.24166666666666667