10 0.95375 0.3433333333333333 0.0925 0.46
10 0.901875 0.3 0.195 0.4266666666666667
10 0.813125 0.12666666666666668 0.26875 0.25333333333333335
3 0.30875 0.7591666666666667 0.385 0.4816666666666667
6 0.621875 0.6666666666666666 0.48625 0.625
7 0.72125 0.49333333333333335 0.5575 0.54
6 0.631875 0.36333333333333334 0.48875 0.3333333333333333
6 0.554375 0.25416666666666665 0.40875 0.4
6 0.484375 0.19 0.26625 0.32
6 0.203125 0.7208333333333333 0.40625 0.505
3 0.2425 0.6491666666666667 0.2975 0.44
11 0.95125 0.74 0.0975 0.18
7 0.396875 0.08916666666666667 0.16375 0.17833333333333334