11 0.911875 0.8633333333333333 0.175625 0.1225
10 0.900625 0.6191666666666666 0.165625 0.4275
7 0.9475 0.4508333333333333 0.105 0.415
7 0.770625 0.1975 0.233125 0.17666666666666667
4 0.7225 0.31083333333333335 0.304375 0.13083333333333333
7 0.63375 0.6141666666666666 0.47125 0.4175
7 0.69875 0.455 0.32875 0.29
6 0.585625 0.3825 0.3525 0.25083333333333335
6 0.495625 0.25666666666666665 0.12875 0.41833333333333333
6 0.250625 0.69 0.33875 0.3516666666666667
3 0.436875 0.7216666666666667 0.1875 0.43666666666666665
3 0.244375 0.5516666666666666 0.225625 0.265
10 0.65125 0.27 0.2075 0.14666666666666667