7 0.638125 0.44166666666666665 0.39 0.315
7 0.553125 0.7483333333333333 0.504375 0.40166666666666667
7 0.838125 0.39916666666666667 0.125625 0.4425
7 0.574375 0.21666666666666667 0.29625 0.2708333333333333
6 0.219375 0.5575 0.304375 0.36666666666666664
4 0.279375 0.6908333333333333 0.283125 0.3933333333333333
10 0.851875 0.775 0.295625 0.18583333333333332
10 0.956875 0.5133333333333333 0.08625 0.40166666666666667
10 0.878125 0.4816666666666667 0.114375 0.37166666666666665
10 0.84375 0.21583333333333332 0.194375 0.2075
0 0.40625 0.515 0.20125 0.2683333333333333
11 0.908125 0.8608333333333333 0.18375 0.12
1 0.60875 0.75 0.3875 0.4116666666666667
1 0.47625 0.2791666666666667 0.1075 0.26