7 0.725625 0.13416666666666666 0.280625 0.21
7 0.911875 0.2866666666666667 0.13 0.325
5 0.923125 0.6575 0.15375 0.465
7 0.843125 0.6675 0.195625 0.5325
7 0.61 0.645 0.49375 0.3575
7 0.619375 0.25166666666666665 0.319375 0.2775
6 0.62625 0.38083333333333336 0.398125 0.23083333333333333
6 0.58375 0.5091666666666667 0.4 0.21666666666666667
6 0.206875 0.6675 0.263125 0.4066666666666667
6 0.210625 0.5408333333333334 0.303125 0.3358333333333333
3 0.42 0.7125 0.201875 0.46416666666666667
11 0.908125 0.875 0.18375 0.1075
0 0.4025 0.49666666666666665 0.171875 0.2425
10 0.506875 0.16833333333333333 0.123125 0.12416666666666666