6 0.84 0.5983333333333334 0.32 0.5466666666666666
1 0.45125 0.8266666666666667 0.5275 0.3466666666666667
1 0.306875 0.7475 0.43375 0.505
1 0.136875 0.35083333333333333 0.2075 0.37333333333333335
1 0.075625 0.39666666666666667 0.15125 0.36
1 0.246875 0.44083333333333335 0.34 0.2816666666666667
10 0.365625 0.31833333333333336 0.4025 0.33666666666666667
1 0.115625 0.7516666666666667 0.23 0.45666666666666667
1 0.0775 0.7316666666666667 0.155 0.44
10 0.55375 0.6116666666666667 0.43625 0.5916666666666667
0 0.625625 0.5 0.245 0.33666666666666667
11 0.143125 0.9583333333333334 0.18125 0.08333333333333333
1 0.824375 0.47833333333333333 0.24625 0.45666666666666667
10 0.480625 0.12333333333333334 0.1525 0.14833333333333334