7 0.456875 0.59 0.4825 0.5616666666666666
0 0.57875 0.49583333333333335 0.24875 0.33666666666666667
11 0.155625 0.95 0.18125 0.1
2 0.18375 0.7591666666666667 0.235 0.4816666666666667
1 0.4375 0.8466666666666667 0.485 0.30666666666666664
4 0.159375 0.3225 0.24875 0.34
4 0.06875 0.445 0.1375 0.26666666666666666
4 0.775 0.6716666666666666 0.34375 0.3566666666666667
7 0.343125 0.3908333333333333 0.34 0.42333333333333334
10 0.461875 0.2325 0.24875 0.29833333333333334
6 0.665 0.42 0.12375 0.185
10 0.739375 0.37083333333333335 0.1125 0.19
10 0.125 0.295 0.18 0.16333333333333333
7 0.089375 0.7275 0.17875 0.495