6 0.44 0.68 0.43 0.5183333333333333
6 0.3825 0.5625 0.42375 0.39166666666666666
6 0.3825 0.33166666666666667 0.3575 0.30833333333333335
7 0.319375 0.25666666666666665 0.3075 0.22833333333333333
7 0.2725 0.47333333333333333 0.425 0.34833333333333333
6 0.81375 0.5558333333333333 0.3675 0.4533333333333333
3 0.71375 0.6375 0.32875 0.495
6 0.714375 0.3416666666666667 0.17875 0.18833333333333332
6 0.495 0.19333333333333333 0.19 0.29
7 0.139375 0.25333333333333335 0.24125 0.29
5 0.090625 0.7016666666666667 0.18125 0.45666666666666667
8 0.185625 0.7966666666666666 0.2725 0.39166666666666666
11 0.141875 0.9458333333333333 0.17625 0.10833333333333334
0 0.6 0.49916666666666665 0.21625 0.29
10 0.079375 0.6483333333333333 0.15875 0.38666666666666666