11 0.081875 0.945 0.11375 0.11
6 0.3325 0.7475 0.5375 0.505
7 0.655625 0.7733333333333333 0.46125 0.4533333333333333
7 0.86125 0.5691666666666667 0.23375 0.625
7 0.3525 0.10916666666666666 0.24375 0.21333333333333335
7 0.403125 0.035 0.31625 0.07
7 0.198125 0.10583333333333333 0.29625 0.17833333333333334
7 0.015625 0.27416666666666667 0.03125 0.37166666666666665
7 0.169375 0.31833333333333336 0.33875 0.32
7 0.09125 0.6708333333333333 0.1825 0.6583333333333333
4 0.343125 0.58 0.42625 0.485
0 0.559375 0.5066666666666667 0.25375 0.3333333333333333
4 0.35375 0.21 0.355 0.4