0 0.4125 0.5133333333333333 0.20375 0.25583333333333336
11 0.909375 0.8591666666666666 0.18125 0.12166666666666667
10 0.61375 0.8466666666666667 0.45 0.21416666666666667
10 0.20375 0.665 0.1825 0.48
7 0.21625 0.5991666666666666 0.20625 0.44666666666666666
6 0.61625 0.5983333333333334 0.365 0.43416666666666665
7 0.575 0.3225 0.268125 0.26916666666666667
7 0.703125 0.26916666666666667 0.319375 0.25
7 0.608125 0.1175 0.255 0.1925
7 0.825 0.22166666666666668 0.23375 0.25166666666666665
5 0.861875 0.6575 0.253125 0.44166666666666665
8 0.815625 0.6425 0.18 0.5083333333333333
10 0.914375 0.545 0.11875 0.36666666666666664
10 0.968125 0.595 0.063125 0.4008333333333333