0 0.52625 0.5833333333333334 0.26375 0.3416666666666667
6 0.275 0.4533333333333333 0.505 0.395
7 0.318125 0.2975 0.40125 0.28833333333333333
6 0.705 0.7408333333333333 0.49125 0.48
7 0.196875 0.69 0.39375 0.59
10 0.5275 0.8916666666666667 0.525 0.21666666666666667
10 0.278125 0.8025 0.49125 0.395
10 0.085 0.8108333333333333 0.17 0.2816666666666667
10 0.03125 0.45916666666666667 0.0625 0.485
7 0.149375 0.22583333333333333 0.28 0.2733333333333333
10 0.750625 0.57 0.21125 0.44166666666666665
7 0.485625 0.15333333333333332 0.10125 0.21333333333333335