11 0.8725 0.8608333333333333 0.255 0.15416666666666667
6 0.515 0.7108333333333333 0.456875 0.5058333333333334
0 0.396875 0.5133333333333333 0.211875 0.255
6 0.18875 0.6475 0.3075 0.42083333333333334
7 0.670625 0.37416666666666665 0.378125 0.23083333333333333
7 0.654375 0.6375 0.4075 0.5416666666666666
7 0.820625 0.3175 0.301875 0.3425
7 0.79 0.14583333333333334 0.235 0.1775
7 0.504375 0.12416666666666666 0.09375 0.24833333333333332
7 0.219375 0.4825 0.281875 0.28583333333333333
5 0.785625 0.6466666666666666 0.25 0.4683333333333333
8 0.864375 0.6658333333333334 0.21625 0.405
7 0.9375 0.5808333333333333 0.124375 0.3591666666666667
7 0.475625 0.2675 0.12125 0.2891666666666667