11 0.909375 0.8625 0.180625 0.12166666666666667
5 0.75375 0.6925 0.321875 0.3975
5 0.953125 0.6133333333333333 0.09375 0.495
4 0.863125 0.5775 0.14 0.415
10 0.810625 0.18916666666666668 0.17125 0.11083333333333334
10 0.6475 0.4275 0.193125 0.37416666666666665
10 0.404375 0.6708333333333333 0.3775 0.21166666666666667
10 0.22875 0.535 0.17125 0.37916666666666665
1 0.32125 0.8058333333333333 0.400625 0.30083333333333334
1 0.629375 0.8166666666666667 0.3775 0.2825
1 0.856875 0.36916666666666664 0.173125 0.24083333333333334
1 0.806875 0.33916666666666667 0.175625 0.24083333333333334
1 0.52 0.23666666666666666 0.115 0.11166666666666666
1 0.5075 0.34 0.215625 0.17916666666666667
0 0.415 0.5008333333333334 0.2075 0.21583333333333332