0 0.4175 0.5158333333333334 0.22 0.25666666666666665
11 0.9175 0.8416666666666667 0.165 0.16
5 0.758125 0.675 0.345 0.45666666666666667
5 0.9425 0.5708333333333333 0.115 0.595
6 0.614375 0.4116666666666667 0.34375 0.37166666666666665
6 0.5 0.7283333333333334 0.35375 0.5033333333333333
7 0.523125 0.2275 0.23 0.20333333333333334
7 0.795 0.46166666666666667 0.28125 0.2833333333333333
10 0.803125 0.21166666666666667 0.22 0.19166666666666668
10 0.80375 0.325 0.1825 0.30333333333333334
3 0.24125 0.665 0.25 0.4033333333333333
10 0.240625 0.5266666666666666 0.16125 0.23166666666666666
10 0.205625 0.4558333333333333 0.0975 0.23166666666666666
7 0.475625 0.1125 0.08375 0.11833333333333333