6 0.47125 0.6516666666666666 0.28 0.5766666666666667
6 0.49625 0.31166666666666665 0.1175 0.28
7 0.73875 0.7391666666666666 0.46 0.5066666666666667
7 0.274375 0.4083333333333333 0.4425 0.31666666666666665
7 0.30125 0.25 0.37625 0.2833333333333333
7 0.156875 0.23916666666666667 0.31 0.3
7 0.10375 0.2075 0.2075 0.20833333333333334
7 0.219375 0.7391666666666666 0.23625 0.5216666666666666
5 0.095 0.7308333333333333 0.19 0.5383333333333333
11 0.1375 0.9558333333333333 0.1725 0.08833333333333333
10 0.798125 0.4166666666666667 0.20125 0.36333333333333334
0 0.599375 0.5116666666666667 0.25375 0.315
10 0.331875 0.7333333333333333 0.24625 0.5333333333333333