4 0.469375 0.7066666666666667 0.34125 0.5866666666666667
10 0.719375 0.7833333333333333 0.40375 0.43333333333333335
1 0.58875 0.25166666666666665 0.14125 0.24166666666666667
10 0.610625 0.1425 0.0875 0.09666666666666666
1 0.264375 0.4091666666666667 0.205 0.3433333333333333
1 0.6525 0.45416666666666666 0.28875 0.505
1 0.83125 0.495 0.24875 0.43166666666666664
1 0.91375 0.32166666666666666 0.1725 0.23333333333333334
1 0.958125 0.45166666666666666 0.08375 0.30666666666666664
7 0.83125 0.7766666666666666 0.3175 0.44666666666666666
7 0.9025 0.7775 0.19 0.445
1 0.874375 0.5833333333333334 0.25125 0.29
1 0.94625 0.6008333333333333 0.1075 0.20833333333333334
1 0.279375 0.7391666666666666 0.41 0.475
0 0.435625 0.49666666666666665 0.25125 0.32166666666666666