11 0.15375 0.94 0.2025 0.12
10 0.36 0.7825 0.3725 0.435
10 0.21 0.7116666666666667 0.28 0.48833333333333334
6 0.79875 0.6133333333333333 0.38375 0.5066666666666667
10 0.819375 0.5275 0.26 0.49
6 0.385625 0.4766666666666667 0.43375 0.365
6 0.419375 0.27416666666666667 0.31875 0.40166666666666667
7 0.259375 0.2925 0.2775 0.31166666666666665
10 0.153125 0.2791666666666667 0.2025 0.2
6 0.725625 0.3625 0.20375 0.23166666666666666
3 0.53 0.7133333333333334 0.33 0.5683333333333334
8 0.116875 0.7591666666666667 0.22875 0.4816666666666667
7 0.05875 0.7316666666666667 0.1175 0.4666666666666667
6 0.49125 0.15916666666666668 0.12625 0.24166666666666667