5 0.87375 0.6266666666666667 0.2525 0.4766666666666667
4 0.698125 0.7466666666666667 0.49125 0.5066666666666667
11 0.98125 0.7766666666666666 0.0375 0.13666666666666666
0 0.456875 0.5891666666666666 0.285 0.3516666666666667
1 0.581875 0.335 0.3975 0.39166666666666666
10 0.508125 0.17666666666666667 0.16125 0.18833333333333332
10 0.808125 0.11 0.26625 0.22
1 0.865625 0.21416666666666667 0.24125 0.38333333333333336
10 0.77125 0.54 0.4 0.395
10 0.938125 0.5508333333333333 0.12375 0.485
10 0.728125 0.8458333333333333 0.54375 0.30833333333333335
1 0.2825 0.5683333333333334 0.2175 0.38
7 0.288125 0.7958333333333333 0.47875 0.4083333333333333
1 0.97125 0.4975 0.0575 0.4583333333333333
10 0.841875 0.3233333333333333 0.24125 0.39