10 0.191875 0.2175 0.19875 0.30833333333333335
10 0.5725 0.3675 0.30125 0.21166666666666667
6 0.85625 0.7233333333333334 0.285 0.425
10 0.9075 0.7525 0.185 0.46166666666666667
11 0.105 0.8275 0.21 0.19833333333333333
0 0.703125 0.5683333333333334 0.26375 0.3383333333333333
1 0.39 0.5641666666666667 0.36125 0.4033333333333333
1 0.399375 0.8316666666666667 0.44875 0.33666666666666667
1 0.175625 0.4875 0.24375 0.3933333333333333
2 0.051875 0.65 0.10375 0.36
5 0.125625 0.6516666666666666 0.25125 0.49666666666666665