10 0.806875 0.7583333333333333 0.3325 0.3933333333333333
10 0.620625 0.8008333333333333 0.41875 0.3983333333333333
10 0.931875 0.4508333333333333 0.13625 0.325
10 0.578125 0.25833333333333336 0.2 0.17666666666666667
10 0.591875 0.5041666666666667 0.25875 0.44
1 0.239375 0.4225 0.1975 0.41833333333333333
10 0.348125 0.7133333333333334 0.42625 0.535
10 0.240625 0.7775 0.3775 0.34
0 0.40375 0.5 0.2425 0.32
7 0.73875 0.43166666666666664 0.1775 0.405
4 0.874375 0.4008333333333333 0.18125 0.3016666666666667
1 0.88375 0.705 0.2325 0.4033333333333333
11 0.861875 0.9391666666666667 0.18875 0.12166666666666667
1 0.530625 0.16666666666666666 0.125 0.13833333333333334
10 0.83625 0.24916666666666668 0.16625 0.12833333333333333