11 0.82625 0.9491666666666667 0.205 0.10166666666666667
0 0.38 0.495 0.2225 0.31333333333333335
6 0.561875 0.6616666666666666 0.45625 0.455
6 0.571875 0.3458333333333333 0.31 0.41833333333333333
6 0.5025 0.24916666666666668 0.20375 0.3933333333333333
7 0.74 0.3625 0.3625 0.45
5 0.75875 0.7258333333333333 0.345 0.5483333333333333
7 0.59 0.8841666666666667 0.435 0.23166666666666666
7 0.29625 0.7383333333333333 0.35125 0.4683333333333333
3 0.18375 0.5658333333333333 0.31625 0.445
7 0.92625 0.4508333333333333 0.1475 0.435
7 0.9275 0.7625 0.145 0.445
10 0.729375 0.43083333333333335 0.26625 0.3566666666666667
10 0.87125 0.41333333333333333 0.1825 0.32666666666666666