10 0.585 0.4741666666666667 0.16625 0.495
10 0.71875 0.2941666666666667 0.27625 0.17166666666666666
1 0.838125 0.18666666666666668 0.174375 0.135
10 0.906875 0.33916666666666667 0.113125 0.19333333333333333
4 0.7775 0.515 0.271875 0.3958333333333333
1 0.838125 0.4241666666666667 0.258125 0.17416666666666666
1 0.8375 0.7066666666666667 0.325 0.32666666666666666
1 0.9375 0.6325 0.124375 0.39
1 0.60375 0.7791666666666667 0.440625 0.36
1 0.38875 0.7608333333333334 0.466875 0.3516666666666667
1 0.235625 0.6016666666666667 0.22 0.42583333333333334
0 0.413125 0.5075 0.203125 0.24333333333333335
1 0.224375 0.4266666666666667 0.1125 0.24833333333333332
1 0.501875 0.1525 0.090625 0.095
1 0.50125 0.29083333333333333 0.11625 0.15916666666666668
11 0.91125 0.8616666666666667 0.1775 0.11333333333333333