6 0.495625 0.6233333333333333 0.27125 0.5766666666666667
6 0.461875 0.28 0.11375 0.2816666666666667
7 0.228125 0.725 0.45625 0.5
7 0.688125 0.36666666666666664 0.445 0.30333333333333334
7 0.6575 0.20833333333333334 0.3775 0.27166666666666667
7 0.803125 0.19 0.30875 0.2916666666666667
7 0.86375 0.15583333333333332 0.22375 0.20166666666666666
7 0.754375 0.7183333333333334 0.22625 0.5633333333333334
5 0.895 0.7066666666666667 0.21 0.5833333333333334
5 0.959375 0.6958333333333333 0.08125 0.46166666666666667
11 0.85875 0.9366666666666666 0.205 0.12666666666666668
10 0.159375 0.4 0.19625 0.3616666666666667
0 0.363125 0.4866666666666667 0.25 0.31
10 0.63875 0.7158333333333333 0.235 0.5683333333333334