0 0.52875 0.4716666666666667 0.2775 0.3566666666666667
11 0.12 0.98 0.0825 0.04
4 0.249375 0.7991666666666667 0.42125 0.40166666666666667
10 0.02875 0.39166666666666666 0.0575 0.31333333333333335
10 0.26125 0.3275 0.44375 0.36333333333333334
10 0.471875 0.69 0.40875 0.62
10 0.69875 0.6158333333333333 0.47 0.5266666666666666
7 0.718125 0.475 0.23625 0.495
5 0.11625 0.705 0.2325 0.59
1 0.17 0.5266666666666666 0.34 0.42
1 0.058125 0.3516666666666667 0.11625 0.29
1 0.1125 0.79 0.21 0.42
10 0.7375 0.405 0.20875 0.40166666666666667
10 0.356875 0.1525 0.155 0.22