7 0.911875 0.5116666666666667 0.17625 0.67
6 0.685 0.42916666666666664 0.4275 0.38666666666666666
7 0.661875 0.28 0.37875 0.245
7 0.7475 0.1575 0.405 0.2833333333333333
6 0.298125 0.7266666666666667 0.4675 0.415
10 0.45125 0.8641666666666666 0.4875 0.27166666666666667
10 0.720625 0.7908333333333334 0.425 0.415
10 0.89875 0.7841666666666667 0.2025 0.255
10 0.9675 0.43083333333333335 0.065 0.3983333333333333
10 0.253125 0.5725 0.18875 0.3883333333333333
7 0.513125 0.145 0.12625 0.16666666666666666
0 0.464375 0.5533333333333333 0.255 0.2633333333333333
11 0.966875 0.895 0.06625 0.11
10 0.903125 0.1725 0.1675 0.23833333333333334