10 0.76375 0.82 0.35625 0.23583333333333334
10 0.379375 0.8383333333333334 0.420625 0.21916666666666668
1 0.87 0.6683333333333333 0.26 0.2966666666666667
10 0.938125 0.535 0.12375 0.32666666666666666
10 0.823125 0.3625 0.11875 0.33166666666666667
7 0.559375 0.5516666666666666 0.3275 0.5008333333333334
7 0.580625 0.20666666666666667 0.264375 0.25583333333333336
7 0.77 0.4191666666666667 0.1475 0.4075
6 0.24375 0.5841666666666666 0.24875 0.37666666666666665
6 0.485 0.3175 0.126875 0.32666666666666666
0 0.413125 0.5233333333333333 0.199375 0.25083333333333335
4 0.845 0.22583333333333333 0.154375 0.215
11 0.909375 0.8591666666666666 0.18125 0.12166666666666667
10 0.19 0.6575 0.125625 0.3575