10 0.13125 0.7583333333333333 0.1875 0.4716666666666667
1 0.090625 0.7333333333333333 0.18125 0.45666666666666667
10 0.2975 0.745 0.285 0.51
10 0.4325 0.6891666666666667 0.2875 0.6216666666666667
10 0.454375 0.32166666666666666 0.19 0.32666666666666666
10 0.25625 0.32166666666666666 0.295 0.235
7 0.18 0.45 0.36 0.35
10 0.115 0.3875 0.23 0.34
10 0.783125 0.5558333333333333 0.275 0.43833333333333335
10 0.77375 0.4066666666666667 0.2225 0.42833333333333334
1 0.71625 0.7166666666666667 0.44375 0.455
0 0.58125 0.49833333333333335 0.2275 0.305
11 0.140625 0.9516666666666667 0.17125 0.09666666666666666
10 0.4175 0.14166666666666666 0.14875 0.175