11 0.1575 0.9608333333333333 0.17 0.07833333333333334
0 0.595 0.4533333333333333 0.26625 0.34
10 0.244375 0.4216666666666667 0.32375 0.35
10 0.108125 0.37 0.21625 0.36333333333333334
4 0.383125 0.7133333333333334 0.50875 0.5733333333333334
10 0.30125 0.73 0.345 0.54
10 0.82125 0.5125 0.29875 0.5016666666666667
10 0.81625 0.38 0.21125 0.38333333333333336
1 0.745 0.6841666666666667 0.49 0.49333333333333335
10 0.11 0.7533333333333333 0.1925 0.4533333333333333
1 0.101875 0.7341666666666666 0.20375 0.485
10 0.371875 0.25583333333333336 0.26125 0.31333333333333335
7 0.44125 0.3283333333333333 0.2825 0.435