7 0.788125 0.3233333333333333 0.31875 0.4083333333333333
7 0.930625 0.30666666666666664 0.13875 0.33
5 0.94375 0.655 0.1125 0.54
6 0.63125 0.37916666666666665 0.40125 0.345
6 0.47875 0.7291666666666666 0.39 0.5416666666666666
6 0.1825 0.6316666666666667 0.33875 0.4683333333333333
0 0.41125 0.5125 0.23375 0.27
4 0.27875 0.6666666666666666 0.18625 0.515
10 0.866875 0.6875 0.1375 0.47
10 0.6375 0.7975 0.3875 0.405
11 0.896875 0.9225 0.16875 0.125
10 0.48625 0.15416666666666667 0.14375 0.14166666666666666
10 0.845 0.235 0.1825 0.16333333333333333
10 0.235 0.3908333333333333 0.10625 0.17166666666666666