0 0.581875 0.5516666666666666 0.2375 0.30333333333333334
11 0.06375 0.7216666666666667 0.1275 0.17
1 0.201875 0.5275 0.35125 0.5166666666666667
6 0.48625 0.2608333333333333 0.2975 0.405
10 0.5575 0.16583333333333333 0.12375 0.14166666666666666
10 0.2575 0.22 0.1775 0.34833333333333333
10 0.643125 0.8208333333333333 0.41625 0.35833333333333334
10 0.320625 0.8141666666666667 0.485 0.3383333333333333
6 0.37875 0.5833333333333334 0.51375 0.5233333333333333
6 0.41625 0.33666666666666667 0.385 0.37333333333333335
6 0.776875 0.6533333333333333 0.37625 0.4716666666666667
5 0.099375 0.48583333333333334 0.19875 0.49833333333333335
7 0.09375 0.3308333333333333 0.1875 0.33166666666666667
1 0.136875 0.185 0.19625 0.28