0 0.415 0.5158333333333334 0.20375 0.26166666666666666
11 0.910625 0.8616666666666667 0.17875 0.12416666666666666
10 0.779375 0.705 0.3525 0.3
10 0.884375 0.665 0.23125 0.3
10 0.8025 0.32416666666666666 0.221875 0.24166666666666667
10 0.80875 0.19 0.175 0.11
7 0.585 0.515 0.275625 0.62
10 0.629375 0.2783333333333333 0.285 0.185
10 0.935 0.4041666666666667 0.13 0.3383333333333333
4 0.846875 0.4533333333333333 0.269375 0.21583333333333332
10 0.2175 0.6833333333333333 0.2025 0.44583333333333336
10 0.599375 0.8466666666666667 0.449375 0.22333333333333333
10 0.256875 0.4275 0.159375 0.20416666666666666
10 0.510625 0.19416666666666665 0.085 0.11666666666666667
10 0.926875 0.5233333333333333 0.145625 0.295