11 0.911875 0.8583333333333333 0.17625 0.12833333333333333
4 0.845625 0.745 0.30875 0.20666666666666667
10 0.951875 0.49666666666666665 0.09625 0.37166666666666665
10 0.88125 0.465 0.11625 0.37166666666666665
10 0.8425 0.24833333333333332 0.21625 0.2
6 0.521875 0.2525 0.21625 0.2866666666666667
6 0.60625 0.3516666666666667 0.38375 0.2125
6 0.631875 0.5316666666666666 0.41 0.30666666666666664
6 0.560625 0.7125 0.378125 0.4725
6 0.21625 0.63 0.33375 0.32916666666666666
3 0.29125 0.6808333333333333 0.290625 0.4116666666666667
3 0.244375 0.5691666666666667 0.203125 0.33
7 0.48375 0.12 0.129375 0.14166666666666666
7 0.421875 0.04416666666666667 0.1 0.08083333333333333