11 0.078125 0.8658333333333333 0.15625 0.12666666666666668
10 0.2425 0.7266666666666667 0.32875 0.4266666666666667
10 0.094375 0.6333333333333333 0.18875 0.39
10 0.085 0.2975 0.13625 0.26166666666666666
4 0.18875 0.24416666666666667 0.1075 0.23
10 0.360625 0.29833333333333334 0.30875 0.20333333333333334
10 0.231875 0.37583333333333335 0.295 0.18833333333333332
4 0.5125 0.7366666666666667 0.29625 0.4083333333333333
4 0.4525 0.4425 0.2625 0.265
7 0.691875 0.6933333333333334 0.3925 0.4266666666666667
4 0.806875 0.545 0.16 0.35
7 0.75 0.46 0.1075 0.25
0 0.601875 0.52 0.18375 0.25666666666666665
4 0.06 0.525 0.12 0.24666666666666667