1 0.75875 0.3433333333333333 0.145 0.2825
1 0.6 0.57 0.308125 0.29333333333333333
1 0.545 0.82 0.37875 0.24916666666666668
0 0.313125 0.49333333333333335 0.19875 0.25833333333333336
11 0.841875 0.87 0.225 0.12083333333333333
10 0.463125 0.3466666666666667 0.2425 0.12583333333333332
10 0.13375 0.6158333333333333 0.149375 0.4083333333333333
10 0.758125 0.6791666666666667 0.214375 0.35583333333333333
8 0.85625 0.6916666666666667 0.140625 0.315
8 0.904375 0.6866666666666666 0.1125 0.31083333333333335
9 0.25 0.6975 0.140625 0.42