10 0.77 0.4141666666666667 0.313125 0.2658333333333333
10 0.798125 0.7291666666666666 0.31875 0.245
10 0.941875 0.6308333333333334 0.115625 0.36666666666666664
10 0.85 0.3575 0.139375 0.3383333333333333
10 0.926875 0.3725 0.124375 0.3408333333333333
1 0.653125 0.4816666666666667 0.35875 0.285
10 0.6475 0.2841666666666667 0.33125 0.15083333333333335
10 0.221875 0.5666666666666667 0.1775 0.48333333333333334
10 0.488125 0.8333333333333334 0.47375 0.2658333333333333
0 0.40625 0.5158333333333334 0.194375 0.26166666666666666
7 0.54125 0.3591666666666667 0.1275 0.4825
11 0.91375 0.8616666666666667 0.1725 0.11
10 0.81 0.1875 0.160625 0.11416666666666667