6 0.620625 0.575 0.47375 0.43666666666666665
6 0.44 0.7233333333333334 0.3375 0.5533333333333333
6 0.61125 0.3475 0.43625 0.3416666666666667
6 0.534375 0.23583333333333334 0.34125 0.4066666666666667
6 0.18875 0.665 0.3775 0.5366666666666666
7 0.808125 0.14583333333333334 0.25125 0.2916666666666667
10 0.913125 0.5016666666666667 0.17375 0.48
10 0.905625 0.22833333333333333 0.1575 0.25666666666666665
10 0.446875 0.125 0.10375 0.12666666666666668
11 0.965 0.7425 0.07 0.12833333333333333
4 0.756875 0.7891666666666667 0.43375 0.3283333333333333
10 0.94625 0.495 0.1075 0.43666666666666665
0 0.3875 0.5325 0.20625 0.3
5 0.87375 0.5225 0.2525 0.5883333333333334