11 0.129375 0.8366666666666667 0.25875 0.17666666666666667
0 0.730625 0.5225 0.25 0.3333333333333333
10 0.57875 0.35083333333333333 0.23125 0.285
10 0.42 0.8916666666666667 0.3925 0.21666666666666667
4 0.705625 0.7708333333333334 0.32125 0.38166666666666665
5 0.2175 0.7208333333333333 0.26375 0.3283333333333333
7 0.14625 0.5508333333333333 0.2575 0.2966666666666667
10 0.06625 0.6383333333333333 0.12375 0.3466666666666667
7 0.80625 0.8625 0.3425 0.275
7 0.9075 0.5325 0.185 0.335
7 0.22625 0.20833333333333334 0.10625 0.22333333333333333