7 0.6625 0.7383333333333333 0.386875 0.415
5 0.783125 0.7016666666666667 0.295 0.37083333333333335
5 0.89 0.6566666666666666 0.219375 0.3475
7 0.936875 0.5575 0.125625 0.23
7 0.908125 0.38333333333333336 0.183125 0.2425
6 0.48875 0.26916666666666667 0.10875 0.39416666666666667
7 0.188125 0.6283333333333333 0.231875 0.44583333333333336
10 0.42 0.8516666666666667 0.43375 0.215
0 0.415625 0.52 0.206875 0.25583333333333336
1 0.588125 0.3075 0.23125 0.20833333333333334
10 0.80375 0.2875 0.18125 0.29583333333333334
10 0.80125 0.1825 0.195625 0.0975
10 0.89875 0.2966666666666667 0.106875 0.23083333333333333
11 0.904375 0.8616666666666667 0.19125 0.11