7 0.265625 0.7966666666666666 0.444375 0.2966666666666667
7 0.850625 0.7541666666666667 0.298125 0.20583333333333334
7 0.804375 0.3325 0.35125 0.32416666666666666
7 0.96 0.4891666666666667 0.08 0.43
7 0.96125 0.49916666666666665 0.0775 0.425
6 0.52625 0.71 0.270625 0.4533333333333333
6 0.6325 0.5516666666666666 0.43 0.3433333333333333
6 0.548125 0.27 0.279375 0.3375
6 0.206875 0.5233333333333333 0.30125 0.32083333333333336
0 0.409375 0.5266666666666666 0.1925 0.23666666666666666
6 0.47875 0.18166666666666667 0.111875 0.2825
1 0.86 0.28833333333333333 0.153125 0.25583333333333336
11 0.91625 0.8675 0.166875 0.11916666666666667
7 0.716875 0.43666666666666665 0.37 0.27