7 0.9325 0.5175 0.135 0.44166666666666665
7 0.689375 0.7583333333333333 0.57 0.395
6 0.5775 0.36666666666666664 0.37625 0.41
6 0.556875 0.6216666666666667 0.435 0.35833333333333334
7 0.84125 0.14583333333333334 0.25375 0.28833333333333333
7 0.881875 0.2758333333333333 0.20875 0.24
10 0.6025 0.24916666666666668 0.32375 0.25166666666666665
4 0.31 0.7433333333333333 0.295 0.48833333333333334
10 0.241875 0.6816666666666666 0.27875 0.4766666666666667
0 0.415625 0.5483333333333333 0.25375 0.335
11 0.935 0.7475 0.13 0.155
10 0.470625 0.17666666666666667 0.155 0.16166666666666665
10 0.76 0.10416666666666667 0.17 0.15166666666666667
5 0.853125 0.5741666666666667 0.29375 0.4816666666666667