1 0.818125 0.30416666666666664 0.18 0.29583333333333334
1 0.904375 0.35333333333333333 0.175625 0.3308333333333333
1 0.65375 0.39666666666666667 0.350625 0.19
1 0.545 0.2975 0.265625 0.17833333333333334
1 0.536875 0.165 0.135625 0.10666666666666667
1 0.3975 0.785 0.40875 0.27
1 0.223125 0.6416666666666667 0.195625 0.44166666666666665
4 0.755 0.7608333333333334 0.3 0.37833333333333335
10 0.954375 0.6416666666666667 0.09125 0.37166666666666665
10 0.271875 0.48333333333333334 0.111875 0.25083333333333335
0 0.415625 0.5208333333333334 0.205 0.2658333333333333
11 0.925 0.8608333333333333 0.15 0.11166666666666666
1 0.66125 0.5241666666666667 0.334375 0.3325
1 0.895 0.6508333333333334 0.206875 0.3925
5 0.84 0.6283333333333333 0.23375 0.5225