0 0.43125 0.5075 0.24 0.29833333333333334
11 0.95375 0.9008333333333334 0.0925 0.14166666666666666
10 0.975625 0.32083333333333336 0.04875 0.38666666666666666
10 0.9225 0.36 0.155 0.38666666666666666
1 0.89875 0.125 0.18875 0.14
1 0.755 0.705 0.3175 0.5766666666666667
10 0.608125 0.6975 0.2425 0.605
1 0.328125 0.7975 0.3975 0.33166666666666667
1 0.228125 0.5841666666666666 0.24 0.42333333333333334
1 0.208125 0.445 0.11375 0.25333333333333335
10 0.93375 0.7833333333333333 0.1325 0.23
1 0.556875 0.13916666666666666 0.1825 0.19333333333333333
1 0.554375 0.3 0.2175 0.24
4 0.75875 0.20583333333333334 0.32375 0.235
10 0.769375 0.4091666666666667 0.235 0.44