6 0.453125 0.5791666666666667 0.313125 0.2075
10 0.460625 0.3933333333333333 0.238125 0.23583333333333334
10 0.16625 0.7183333333333334 0.240625 0.24083333333333334
1 0.161875 0.495 0.113125 0.24166666666666667
10 0.365625 0.22583333333333333 0.170625 0.12166666666666667
1 0.583125 0.3025 0.228125 0.15083333333333335
10 0.83875 0.675 0.2025 0.3025
10 0.861875 0.5758333333333333 0.135 0.2658333333333333
10 0.77875 0.7175 0.169375 0.2991666666666667
1 0.564375 0.8525 0.36625 0.19666666666666666
0 0.3125 0.49416666666666664 0.203125 0.2608333333333333
11 0.839375 0.87 0.2275 0.11916666666666667