0 0.565 0.4558333333333333 0.25375 0.315
11 0.04125 0.8466666666666667 0.0825 0.15666666666666668
10 0.1975 0.1825 0.35625 0.225
10 0.1225 0.425 0.245 0.32666666666666666
10 0.099375 0.07166666666666667 0.18125 0.14333333333333334
10 0.044375 0.23833333333333334 0.0825 0.31333333333333335
2 0.035625 0.6466666666666666 0.07125 0.43666666666666665
10 0.195625 0.6566666666666666 0.39125 0.41
7 0.380625 0.7433333333333333 0.6075 0.49833333333333335
10 0.2375 0.7675 0.41 0.29833333333333334
10 0.693125 0.6691666666666667 0.245 0.55
1 0.48125 0.19583333333333333 0.2275 0.21666666666666667
7 0.8575 0.5991666666666666 0.285 0.5716666666666667
1 0.48875 0.07833333333333334 0.155 0.15666666666666668