11 0.91 0.8625 0.18 0.12166666666666667
0 0.415 0.5066666666666667 0.2075 0.24
1 0.368125 0.7508333333333334 0.46375 0.31
1 0.695 0.7075 0.385625 0.4583333333333333
1 0.52125 0.7975 0.461875 0.3225
1 0.570625 0.3458333333333333 0.235 0.38083333333333336
1 0.249375 0.4508333333333333 0.145 0.2658333333333333
1 0.668125 0.395 0.26 0.39
1 0.79625 0.41333333333333333 0.1425 0.35
10 0.908125 0.6366666666666667 0.140625 0.395
10 0.958125 0.6125 0.08375 0.395
7 0.905625 0.25833333333333336 0.11 0.31833333333333336
7 0.71125 0.16583333333333333 0.211875 0.18166666666666667
4 0.83125 0.14833333333333334 0.144375 0.175
10 0.4875 0.13833333333333334 0.093125 0.08416666666666667