4 0.65375 0.61 0.330625 0.2891666666666667
7 0.664375 0.8183333333333334 0.42875 0.25333333333333335
1 0.318125 0.7908333333333334 0.375625 0.2758333333333333
1 0.739375 0.43333333333333335 0.29375 0.37583333333333335
1 0.8375 0.7283333333333334 0.279375 0.24333333333333335
1 0.534375 0.2525 0.21375 0.13333333333333333
1 0.27125 0.47583333333333333 0.20375 0.3675
10 0.279375 0.4691666666666667 0.1025 0.14083333333333334
0 0.4125 0.5208333333333334 0.201875 0.2575
1 0.51375 0.16 0.101875 0.10416666666666667
1 0.790625 0.23 0.179375 0.18583333333333332
10 0.854375 0.37666666666666665 0.16125 0.32
10 0.9175 0.36583333333333334 0.13625 0.30833333333333335
1 0.92 0.6233333333333333 0.159375 0.3725
10 0.629375 0.44083333333333335 0.269375 0.32
11 0.918125 0.8666666666666667 0.163125 0.11166666666666666