11 0.814375 0.9558333333333333 0.25125 0.08833333333333333
10 0.20375 0.7475 0.37 0.3983333333333333
10 0.8225 0.30416666666666664 0.18 0.15166666666666667
6 0.48625 0.4925 0.33625 0.43333333333333335
6 0.425 0.2175 0.14375 0.3016666666666667
3 0.4025 0.6916666666666667 0.28875 0.515
1 0.74875 0.8333333333333334 0.3525 0.3283333333333333
1 0.7975 0.615 0.28625 0.3466666666666667
7 0.91375 0.48583333333333334 0.15875 0.36833333333333335
0 0.330625 0.4775 0.25 0.32
5 0.72125 0.8058333333333333 0.2875 0.3883333333333333