11 0.888125 0.9108333333333334 0.19 0.15666666666666668
5 0.73625 0.7791666666666667 0.41625 0.30833333333333335
10 0.52 0.8758333333333334 0.52625 0.24
10 0.263125 0.7316666666666667 0.36 0.34
10 0.179375 0.49833333333333335 0.17 0.43
7 0.7925 0.39 0.315 0.33666666666666667
4 0.85125 0.31833333333333336 0.22125 0.24166666666666667
7 0.843125 0.2275 0.2075 0.18
10 0.94875 0.5841666666666666 0.1025 0.35833333333333334
10 0.8725 0.7241666666666666 0.2475 0.31333333333333335
7 0.63 0.37083333333333335 0.19375 0.54
7 0.479375 0.5 0.20875 0.6
0 0.38125 0.5041666666666667 0.20125 0.28