0 0.413125 0.5166666666666667 0.21 0.26416666666666666
11 0.909375 0.865 0.18125 0.1125
5 0.74125 0.8183333333333334 0.36125 0.22666666666666666
5 0.913125 0.6075 0.14125 0.5475
5 0.971875 0.6041666666666666 0.05625 0.47583333333333333
7 0.698125 0.61 0.38875 0.335
7 0.698125 0.45916666666666667 0.315 0.3258333333333333
7 0.613125 0.3616666666666667 0.15125 0.41833333333333333
7 0.349375 0.7991666666666667 0.360625 0.22416666666666665
6 0.24 0.6275 0.40375 0.34833333333333333
10 0.214375 0.5008333333333334 0.121875 0.2891666666666667
10 0.505 0.16 0.08625 0.08833333333333333
4 0.765625 0.255 0.190625 0.18
10 0.781875 0.20583333333333334 0.2375 0.14833333333333334