7 0.745 0.11916666666666667 0.33125 0.21333333333333335
7 0.89125 0.28583333333333333 0.17625 0.32166666666666666
7 0.4925 0.05416666666666667 0.2275 0.10833333333333334
1 0.186875 0.5658333333333333 0.28875 0.5616666666666666
6 0.24125 0.5458333333333333 0.2725 0.555
4 0.72875 0.2475 0.28375 0.3433333333333333
4 0.878125 0.6283333333333333 0.24375 0.45
8 0.77625 0.71 0.36375 0.56
10 0.9275 0.6641666666666667 0.145 0.5216666666666666
10 0.968125 0.6541666666666667 0.06375 0.48833333333333334
10 0.96375 0.32916666666666666 0.0725 0.245
10 0.58 0.8625 0.5175 0.275
0 0.40875 0.45416666666666666 0.26375 0.345
11 0.885 0.9275 0.16 0.145
4 0.90875 0.13833333333333334 0.1825 0.16333333333333333