0 0.62875 0.5391666666666667 0.2425 0.305
11 0.103125 0.9508333333333333 0.17625 0.09833333333333333
1 0.188125 0.3825 0.3025 0.32166666666666666
10 0.1925 0.2733333333333333 0.2275 0.26166666666666666
10 0.079375 0.31083333333333335 0.15875 0.29833333333333334
1 0.055 0.575 0.11 0.4533333333333333
7 0.918125 0.665 0.16375 0.46
10 0.816875 0.49166666666666664 0.17125 0.21666666666666667
4 0.75875 0.8208333333333333 0.35375 0.3466666666666667
1 0.4475 0.8333333333333334 0.5125 0.3333333333333333
1 0.3825 0.7633333333333333 0.4825 0.47333333333333333
1 0.280625 0.5616666666666666 0.435 0.36
1 0.4975 0.31 0.3975 0.265
1 0.525 0.12333333333333334 0.125 0.12666666666666668
1 0.11625 0.8033333333333333 0.22125 0.3