5 0.764375 0.7466666666666667 0.3725 0.2625
11 0.909375 0.8666666666666667 0.18125 0.11666666666666667
0 0.414375 0.5133333333333333 0.205625 0.25083333333333335
10 0.330625 0.7275 0.33625 0.33
8 0.905 0.65 0.158125 0.4558333333333333
10 0.96375 0.6216666666666667 0.071875 0.36
1 0.7625 0.355 0.234375 0.27
1 0.794375 0.2025 0.178125 0.13
1 0.913125 0.35333333333333333 0.144375 0.2825
1 0.609375 0.3925 0.21125 0.375
10 0.49625 0.2925 0.103125 0.30916666666666665
1 0.22875 0.545 0.19 0.41333333333333333
4 0.64625 0.6483333333333333 0.406875 0.31