11 0.92 0.785 0.16 0.17
4 0.8375 0.6666666666666666 0.325 0.28
10 0.9425 0.3675 0.115 0.435
10 0.875 0.3416666666666667 0.165 0.44
10 0.8125 0.11583333333333333 0.2625 0.23166666666666666
6 0.44875 0.16833333333333333 0.27 0.33666666666666667
6 0.55375 0.25666666666666665 0.45375 0.3016666666666667
6 0.599375 0.4575 0.49125 0.4116666666666667
6 0.53375 0.6733333333333333 0.47 0.595
6 0.169375 0.6291666666666667 0.33875 0.41833333333333333
3 0.225625 0.68 0.36625 0.5133333333333333
3 0.1625 0.5616666666666666 0.26 0.4066666666666667
7 0.39625 0.05333333333333334 0.15375 0.10333333333333333