8 0.805 0.67 0.24625 0.44666666666666666
10 0.9 0.6541666666666667 0.194375 0.4191666666666667
8 0.939375 0.6241666666666666 0.12125 0.4425
7 0.95875 0.5 0.0825 0.4066666666666667
7 0.575 0.25833333333333336 0.19875 0.35583333333333333
7 0.583125 0.8525 0.47875 0.20833333333333334
4 0.514375 0.5866666666666667 0.343125 0.3625
4 0.83125 0.14333333333333334 0.168125 0.21583333333333332
1 0.87 0.29833333333333334 0.15375 0.23166666666666666
1 0.23375 0.6416666666666667 0.21125 0.4691666666666667
10 0.618125 0.31166666666666665 0.29875 0.20666666666666667
7 0.680625 0.15583333333333332 0.261875 0.195
0 0.41 0.5158333333333334 0.2025 0.265
11 0.91 0.8658333333333333 0.175 0.10833333333333334