0 0.4175 0.4775 0.19375 0.25
6 0.526875 0.6958333333333333 0.4025 0.495
6 0.643125 0.59 0.4475 0.3383333333333333
6 0.62625 0.31833333333333336 0.33375 0.285
4 0.25875 0.6358333333333334 0.32125 0.41333333333333333
5 0.885625 0.6183333333333333 0.17625 0.58
5 0.981875 0.6083333333333333 0.03625 0.49333333333333335
7 0.953125 0.37666666666666665 0.09375 0.38666666666666666
7 0.588125 0.15333333333333332 0.2725 0.19
10 0.82 0.17 0.23625 0.145
10 0.83375 0.33666666666666667 0.19375 0.31166666666666665
11 0.9225 0.8616666666666667 0.1475 0.12666666666666668
10 0.285625 0.445 0.125 0.22666666666666666
10 0.22 0.41 0.1275 0.265
7 0.49875 0.2791666666666667 0.125 0.155