0 0.41375 0.5158333333333334 0.201875 0.25083333333333335
11 0.908125 0.8633333333333333 0.18375 0.12
10 0.951875 0.5216666666666666 0.09625 0.3725
10 0.903125 0.3675 0.08125 0.3283333333333333
10 0.835 0.4 0.12875 0.3275
1 0.8175 0.19833333333333333 0.16 0.115
1 0.688125 0.6908333333333333 0.265 0.4866666666666667
10 0.563125 0.6925 0.2 0.5333333333333333
1 0.3225 0.7616666666666667 0.33625 0.2758333333333333
1 0.239375 0.5775 0.2 0.3566666666666667
1 0.224375 0.4575 0.094375 0.21333333333333335
10 0.891875 0.7616666666666667 0.21625 0.19333333333333333
1 0.525625 0.20416666666666666 0.15375 0.1625
1 0.52125 0.3416666666666667 0.18375 0.20083333333333334
4 0.696875 0.26416666666666666 0.274375 0.195
10 0.70375 0.43833333333333335 0.195 0.37083333333333335