1 0.23 0.79 0.31375 0.26
1 0.86875 0.6725 0.141875 0.32416666666666666
1 0.8225 0.41 0.159375 0.26
10 0.81125 0.2816666666666667 0.121875 0.20583333333333334
10 0.6725 0.37166666666666665 0.255 0.1625
5 0.723125 0.7308333333333333 0.239375 0.3933333333333333
10 0.75625 0.7175 0.25875 0.26
10 0.55375 0.8583333333333333 0.355625 0.195
7 0.360625 0.30333333333333334 0.074375 0.16666666666666666
0 0.31375 0.49583333333333335 0.201875 0.2633333333333333
11 0.83625 0.8733333333333333 0.234375 0.12333333333333334