0 0.414375 0.5191666666666667 0.206875 0.25833333333333336
11 0.9075 0.8591666666666666 0.185 0.1225
4 0.68 0.7658333333333334 0.328125 0.3541666666666667
8 0.808125 0.6691666666666667 0.161875 0.44583333333333336
8 0.905 0.6675 0.133125 0.4116666666666667
8 0.960625 0.6558333333333334 0.07875 0.43333333333333335
1 0.651875 0.4266666666666667 0.2125 0.385
10 0.805 0.1925 0.18625 0.115
10 0.5075 0.1725 0.08875 0.1375
1 0.515625 0.33416666666666667 0.2125 0.1775
10 0.223125 0.5283333333333333 0.1325 0.36666666666666664
10 0.31125 0.7608333333333334 0.385625 0.3025
10 0.63625 0.8508333333333333 0.401875 0.2175
1 0.894375 0.375 0.111875 0.2425
1 0.81125 0.3358333333333333 0.161875 0.23166666666666666