7 0.63375 0.29833333333333334 0.366875 0.2025
1 0.23875 0.6741666666666667 0.233125 0.42083333333333334
1 0.76125 0.715 0.361875 0.39916666666666667
1 0.87625 0.6425 0.2475 0.365
1 0.818125 0.22916666666666666 0.181875 0.18666666666666668
1 0.925 0.4775 0.149375 0.37833333333333335
1 0.738125 0.4608333333333333 0.26875 0.2683333333333333
1 0.563125 0.57 0.22125 0.4425
1 0.525625 0.7933333333333333 0.459375 0.3441666666666667
0 0.408125 0.5208333333333334 0.198125 0.25916666666666666
11 0.910625 0.8708333333333333 0.17875 0.10333333333333333
10 0.496875 0.2075 0.11 0.08583333333333333
1 0.50125 0.15916666666666668 0.109375 0.09166666666666666
1 0.2425 0.43666666666666665 0.121875 0.205
1 0.745 0.2891666666666667 0.21875 0.14666666666666667