11 0.07875 0.7958333333333333 0.1575 0.21166666666666667
6 0.43 0.675 0.5875 0.65
0 0.59 0.48833333333333334 0.275 0.34
6 0.805 0.6875 0.39 0.5483333333333333
7 0.29125 0.26916666666666667 0.46375 0.34833333333333333
7 0.27875 0.5766666666666667 0.535 0.7133333333333334
7 0.16625 0.2 0.31 0.4
7 0.18125 0.05333333333333334 0.28 0.10666666666666667
7 0.5075 0.085 0.125 0.17
7 0.798125 0.49083333333333334 0.36 0.39
5 0.14875 0.5583333333333333 0.2975 0.5933333333333334
8 0.091875 0.5708333333333333 0.18375 0.49833333333333335
7 0.026875 0.4583333333333333 0.05375 0.42
7 0.529375 0.18833333333333332 0.175 0.36