1 0.186875 0.7616666666666667 0.303125 0.30916666666666665
1 0.55 0.8258333333333333 0.3425 0.2475
1 0.6775 0.6991666666666667 0.31125 0.335
1 0.2175 0.6341666666666667 0.2475 0.2966666666666667
1 0.4575 0.285 0.2025 0.2608333333333333
1 0.7225 0.24666666666666667 0.173125 0.155
1 0.72125 0.42833333333333334 0.226875 0.31916666666666665
1 0.8225 0.45166666666666666 0.178125 0.27416666666666667
5 0.885625 0.7083333333333334 0.14625 0.32416666666666666
11 0.838125 0.8725 0.231875 0.12166666666666667
0 0.31375 0.49166666666666664 0.204375 0.25583333333333336