7 0.37 0.6558333333333334 0.57125 0.57
6 0.361875 0.4708333333333333 0.4825 0.36
6 0.39875 0.40166666666666667 0.39875 0.32666666666666666
6 0.796875 0.6608333333333334 0.4 0.4716666666666667
3 0.77625 0.56 0.2975 0.35
3 0.6 0.7308333333333333 0.23875 0.495
7 0.059375 0.5266666666666666 0.11875 0.47
7 0.1675 0.2633333333333333 0.2075 0.23333333333333334
10 0.314375 0.30416666666666664 0.27125 0.17666666666666667
10 0.146875 0.41833333333333333 0.15375 0.24166666666666667
6 0.485 0.2375 0.155 0.38666666666666666
11 0.13375 0.9508333333333333 0.1875 0.09833333333333333
10 0.110625 0.7408333333333333 0.22125 0.46166666666666667