7 0.73875 0.0625 0.3275 0.125
7 0.906875 0.15583333333333332 0.16375 0.31166666666666665
7 0.47625 0.04083333333333333 0.225 0.08166666666666667
1 0.2575 0.6266666666666667 0.265 0.5466666666666666
6 0.308125 0.5925 0.24875 0.5416666666666666
4 0.74125 0.1625 0.27125 0.3233333333333333
4 0.918125 0.49666666666666665 0.16375 0.43
8 0.844375 0.6041666666666666 0.31125 0.5383333333333333
10 0.97125 0.5183333333333333 0.0575 0.5133333333333333
10 0.9725 0.17416666666666666 0.03625 0.23666666666666666
10 0.694375 0.8266666666666667 0.51375 0.26666666666666666
0 0.45875 0.455 0.25125 0.3283333333333333
11 0.963125 0.8008333333333333 0.07375 0.14833333333333334
4 0.895 0.0375 0.165 0.075