10 0.596875 0.37166666666666665 0.22375 0.31833333333333336
10 0.5125 0.8583333333333333 0.37 0.22166666666666668
8 0.885 0.7558333333333334 0.1075 0.32666666666666666
8 0.834375 0.755 0.15125 0.37
8 0.740625 0.7516666666666667 0.16 0.4166666666666667
11 0.805625 0.9158333333333334 0.24375 0.15166666666666667
0 0.31375 0.4625 0.21875 0.2733333333333333
1 0.769375 0.3625 0.14 0.28
6 0.4875 0.515 0.335 0.29833333333333334
6 0.24125 0.6141666666666666 0.2875 0.40166666666666667
7 0.40125 0.19083333333333333 0.07125 0.17666666666666667