11 0.08 0.8833333333333333 0.16 0.13666666666666666
10 0.293125 0.7775 0.32625 0.4083333333333333
10 0.160625 0.6466666666666666 0.2275 0.445
6 0.751875 0.7125 0.33375 0.43833333333333335
10 0.785 0.635 0.20625 0.45166666666666666
6 0.369375 0.465 0.40625 0.27666666666666667
6 0.434375 0.275 0.28 0.345
7 0.274375 0.24916666666666668 0.25 0.25833333333333336
10 0.1725 0.20666666666666667 0.18625 0.16166666666666665
6 0.72 0.44666666666666666 0.1825 0.19333333333333333
3 0.473125 0.7358333333333333 0.2675 0.5166666666666667
8 0.074375 0.6675 0.14875 0.45166666666666666
7 0.019375 0.6216666666666667 0.03875 0.46
6 0.521875 0.18333333333333332 0.1 0.22333333333333333