11 0.908125 0.86 0.18375 0.11833333333333333
10 0.90625 0.6308333333333334 0.186875 0.3958333333333333
4 0.88875 0.29083333333333333 0.113125 0.2683333333333333
4 0.8125 0.24416666666666667 0.1 0.21083333333333334
10 0.65875 0.26916666666666667 0.276875 0.14833333333333334
10 0.766875 0.37833333333333335 0.278125 0.195
4 0.59375 0.7316666666666667 0.290625 0.4666666666666667
3 0.4375 0.7125 0.21875 0.4216666666666667
3 0.5475 0.47833333333333333 0.263125 0.33666666666666667
6 0.48375 0.27666666666666667 0.1175 0.4216666666666667
6 0.24625 0.6716666666666666 0.321875 0.37916666666666665
3 0.235 0.5608333333333333 0.256875 0.2475
7 0.950625 0.4875 0.09875 0.3466666666666667
6 0.270625 0.3983333333333333 0.175 0.2025