11 0.069375 0.8116666666666666 0.13875 0.16666666666666666
5 0.22 0.7 0.44 0.3333333333333333
10 0.43625 0.8483333333333334 0.57125 0.26
10 0.72875 0.7441666666666666 0.39 0.36833333333333335
10 0.844375 0.51 0.185 0.465
7 0.198125 0.27166666666666667 0.3425 0.36666666666666664
4 0.143125 0.18166666666666667 0.24 0.26166666666666666
7 0.16125 0.09166666666666666 0.225 0.18333333333333332
10 0.03125 0.44916666666666666 0.0625 0.385
10 0.105 0.6158333333333333 0.21 0.335
7 0.374375 0.2875 0.21125 0.575
7 0.521875 0.4508333333333333 0.22625 0.6516666666666666
0 0.6275 0.47583333333333333 0.2175 0.3016666666666667