0 0.4 0.4866666666666667 0.2575 0.31833333333333336
10 0.47875 0.6941666666666667 0.52125 0.3
1 0.453125 0.8408333333333333 0.56625 0.31833333333333336
10 0.71625 0.4791666666666667 0.43875 0.2633333333333333
10 0.953125 0.6883333333333334 0.09375 0.44333333333333336
10 0.895 0.31166666666666665 0.21 0.3933333333333333
10 0.953125 0.37 0.09375 0.36
10 0.7 0.25416666666666665 0.3675 0.225
10 0.659375 0.33416666666666667 0.4 0.22666666666666666
10 0.17375 0.5008333333333334 0.2375 0.5166666666666667
11 0.909375 0.9416666666666667 0.13125 0.11666666666666667
5 0.8125 0.7058333333333333 0.36625 0.56
1 0.494375 0.19 0.17625 0.30833333333333335