0 0.423125 0.53 0.2325 0.295
11 0.930625 0.8441666666666666 0.13875 0.13166666666666665
5 0.781875 0.8108333333333333 0.38875 0.27
5 0.93 0.5758333333333333 0.14 0.5816666666666667
5 0.98375 0.5666666666666667 0.0325 0.49666666666666665
7 0.725 0.5983333333333334 0.4225 0.38666666666666666
7 0.7175 0.4425 0.34625 0.37
7 0.623125 0.34833333333333333 0.18 0.45
7 0.373125 0.8291666666666667 0.3875 0.2683333333333333
6 0.25 0.6608333333333334 0.43875 0.40166666666666667
10 0.21625 0.5316666666666666 0.1425 0.31333333333333335
10 0.5 0.14916666666666667 0.095 0.1
4 0.77625 0.22166666666666668 0.2075 0.20666666666666667
10 0.790625 0.17 0.255 0.17833333333333334