6 0.243125 0.6541666666666667 0.33625 0.335
3 0.25 0.565 0.2575 0.2683333333333333
6 0.58 0.6233333333333333 0.406875 0.24666666666666667
6 0.615625 0.4175 0.365625 0.2375
6 0.573125 0.28583333333333333 0.2775 0.32083333333333336
7 0.71875 0.25916666666666666 0.264375 0.215
5 0.8175 0.64 0.205625 0.475
5 0.896875 0.6108333333333333 0.169375 0.45916666666666667
4 0.8875 0.41333333333333333 0.11 0.3575
4 0.958125 0.5075 0.078125 0.3908333333333333
10 0.895 0.2575 0.11625 0.20583333333333334
0 0.40375 0.5241666666666667 0.16 0.2425
11 0.908125 0.8625 0.18125 0.11916666666666667
6 0.468125 0.22833333333333333 0.109375 0.34