0 0.58625 0.51 0.21625 0.275
11 0.074375 0.8458333333333333 0.14875 0.125
7 0.308125 0.7716666666666666 0.4675 0.32666666666666666
10 0.251875 0.6883333333333334 0.36875 0.3283333333333333
5 0.066875 0.6408333333333334 0.13375 0.4483333333333333
10 0.083125 0.6266666666666667 0.16625 0.35
7 0.344375 0.415 0.40625 0.4166666666666667
10 0.375625 0.2475 0.30375 0.17
10 0.53375 0.8483333333333334 0.4925 0.25333333333333335
7 0.785625 0.6125 0.2025 0.555
7 0.1125 0.18583333333333332 0.1525 0.305
4 0.094375 0.3475 0.18875 0.36833333333333335
10 0.195 0.25 0.13125 0.20333333333333334
10 0.5025 0.14833333333333334 0.12 0.11