11 0.935625 0.87 0.12875 0.13333333333333333
10 0.849375 0.3825 0.24375 0.31833333333333336
1 0.905625 0.3441666666666667 0.18875 0.345
10 0.916875 0.6308333333333334 0.16625 0.365
0 0.419375 0.5341666666666667 0.22625 0.2916666666666667
1 0.501875 0.28583333333333333 0.12125 0.32166666666666666
1 0.624375 0.4025 0.30375 0.4166666666666667
1 0.818125 0.185 0.1725 0.15166666666666667
1 0.238125 0.5841666666666666 0.24125 0.4533333333333333
1 0.38875 0.8316666666666667 0.46 0.33666666666666667
1 0.65125 0.765 0.40125 0.43666666666666665
7 0.7575 0.6275 0.32125 0.6783333333333333
7 0.979375 0.5133333333333333 0.04125 0.43333333333333335
8 0.845625 0.7041666666666667 0.225 0.44666666666666666