0 0.56625 0.5075 0.2825 0.36666666666666664
11 0.11125 0.9808333333333333 0.0925 0.03833333333333333
7 0.314375 0.8208333333333333 0.55875 0.35833333333333334
10 0.24125 0.7916666666666666 0.4425 0.4166666666666667
5 0.064375 0.78 0.12875 0.44
10 0.08125 0.7933333333333333 0.1475 0.4083333333333333
7 0.281875 0.485 0.515 0.575
10 0.284375 0.29 0.3625 0.2733333333333333
10 0.57 0.8441666666666666 0.5775 0.31166666666666665
7 0.805625 0.5533333333333333 0.31375 0.67
7 0.04625 0.3016666666666667 0.0925 0.36333333333333334
4 0.06375 0.4816666666666667 0.1275 0.43333333333333335
10 0.086875 0.3541666666666667 0.17375 0.26166666666666666
10 0.405625 0.13666666666666666 0.15 0.15666666666666668