1 0.74375 0.42333333333333334 0.26875 0.4083333333333333
0 0.424375 0.5083333333333333 0.24625 0.31666666666666665
11 0.8825 0.955 0.1425 0.09
4 0.763125 0.5241666666666667 0.335 0.2916666666666667
1 0.77625 0.7608333333333334 0.385 0.47833333333333333
1 0.65875 0.8091666666666667 0.385 0.38166666666666665
1 0.30875 0.7516666666666667 0.505 0.455
1 0.21125 0.5783333333333334 0.26375 0.4533333333333333
1 0.231875 0.44916666666666666 0.19375 0.345
1 0.585625 0.45416666666666666 0.24125 0.47
1 0.92625 0.38916666666666666 0.1475 0.31833333333333336
1 0.890625 0.37583333333333335 0.21375 0.3233333333333333
1 0.92625 0.7233333333333334 0.1475 0.44333333333333336
1 0.94875 0.7416666666666667 0.1025 0.43
1 0.514375 0.31666666666666665 0.11875 0.195
10 0.563125 0.15916666666666668 0.14125 0.14833333333333334