6 0.424375 0.7425 0.34125 0.515
6 0.61 0.43416666666666665 0.535 0.4066666666666667
6 0.515 0.25583333333333336 0.3925 0.4083333333333333
6 0.388125 0.20583333333333334 0.32 0.30333333333333334
6 0.224375 0.7616666666666667 0.42625 0.4766666666666667
10 0.8625 0.42583333333333334 0.275 0.555
10 0.81875 0.215 0.28 0.42333333333333334
1 0.791875 0.15666666666666668 0.25375 0.31333333333333335
10 0.67625 0.8166666666666667 0.47 0.36666666666666664
5 0.78875 0.6358333333333334 0.4125 0.5283333333333333
3 0.21375 0.555 0.20625 0.2966666666666667
11 0.93875 0.7433333333333333 0.1225 0.18
1 0.935625 0.47833333333333333 0.12875 0.4766666666666667