0 0.41125 0.5166666666666667 0.206875 0.27
1 0.5325 0.2808333333333333 0.26875 0.17416666666666666
1 0.920625 0.6533333333333333 0.15875 0.3566666666666667
11 0.908125 0.8633333333333333 0.183125 0.1225
1 0.771875 0.4141666666666667 0.264375 0.3375
10 0.826875 0.305 0.168125 0.31416666666666665
10 0.9025 0.3566666666666667 0.1425 0.3358333333333333
1 0.52 0.165 0.13 0.11583333333333333
10 0.221875 0.6275 0.19875 0.4425
10 0.27125 0.4583333333333333 0.10875 0.2633333333333333
10 0.574375 0.5075 0.296875 0.34833333333333333
1 0.38 0.79 0.37 0.275
4 0.643125 0.815 0.3725 0.26916666666666667
1 0.74 0.6691666666666667 0.37625 0.33
5 0.75625 0.7075 0.315 0.3516666666666667