10 0.954375 0.4125 0.09125 0.315
7 0.94875 0.27666666666666667 0.1025 0.29
7 0.84375 0.14916666666666667 0.3125 0.19166666666666668
6 0.665 0.57 0.5675 0.6016666666666667
6 0.625 0.2175 0.35 0.435
6 0.344375 0.6233333333333333 0.44875 0.645
6 0.190625 0.38916666666666666 0.38125 0.5116666666666667
0 0.413125 0.42916666666666664 0.2825 0.375
5 0.864375 0.6691666666666667 0.27125 0.6616666666666666
10 0.960625 0.6825 0.07875 0.35833333333333334
11 0.8775 0.9625 0.105 0.075
10 0.554375 0.8333333333333334 0.54375 0.3333333333333333