11 0.911875 0.8616666666666667 0.17625 0.12
0 0.414375 0.5266666666666666 0.2075 0.24333333333333335
10 0.329375 0.7016666666666667 0.255625 0.4716666666666667
1 0.218125 0.6091666666666666 0.185625 0.5408333333333334
10 0.63625 0.7816666666666666 0.41125 0.2841666666666667
5 0.915 0.6625 0.17 0.44416666666666665
10 0.944375 0.5141666666666667 0.11125 0.245
10 0.798125 0.19 0.20375 0.11416666666666667
10 0.78875 0.2683333333333333 0.2225 0.12416666666666666
4 0.765625 0.38083333333333336 0.135 0.4175
7 0.655625 0.3325 0.208125 0.5541666666666667
10 0.57125 0.38333333333333336 0.16625 0.37083333333333335
10 0.5225 0.15833333333333333 0.11625 0.10166666666666667
6 0.485 0.3525 0.098125 0.29583333333333334
7 0.889375 0.37083333333333335 0.1675 0.23416666666666666