7 0.719375 0.465 0.485 0.42
7 0.599375 0.7758333333333334 0.62375 0.4483333333333333
7 0.935 0.43333333333333335 0.13 0.54
7 0.656875 0.19083333333333333 0.37 0.3566666666666667
6 0.211875 0.5566666666666666 0.38625 0.4716666666666667
4 0.275 0.7233333333333334 0.3625 0.5
10 0.87875 0.8783333333333333 0.21625 0.24
10 0.96125 0.5358333333333334 0.0775 0.4483333333333333
10 0.9275 0.21416666666666667 0.145 0.26166666666666666
0 0.4375 0.5275 0.2575 0.3416666666666667
11 0.940625 0.9558333333333333 0.07625 0.08833333333333333
1 0.66625 0.7808333333333334 0.485 0.43833333333333335
1 0.53625 0.25333333333333335 0.145 0.32166666666666666