6 0.805625 0.3408333333333333 0.14 0.185
10 0.765 0.69 0.26375 0.45
10 0.5675 0.07166666666666667 0.0875 0.11333333333333333
10 0.251875 0.22583333333333333 0.1625 0.16
10 0.15125 0.31666666666666665 0.13375 0.235
10 0.184375 0.48833333333333334 0.2075 0.23333333333333334
10 0.113125 0.7475 0.1425 0.3416666666666667
11 0.193125 0.925 0.25375 0.15
0 0.6975 0.44333333333333336 0.23875 0.31166666666666665
1 0.428125 0.625 0.40375 0.44166666666666665
1 0.194375 0.7308333333333333 0.17375 0.3983333333333333