6 0.555625 0.3025 0.25 0.37833333333333335
7 0.256875 0.49333333333333335 0.205 0.37333333333333335
7 0.551875 0.46166666666666667 0.40375 0.4025
7 0.4625 0.6891666666666667 0.4475 0.34833333333333333
7 0.54625 0.7841666666666667 0.414375 0.35083333333333333
5 0.796875 0.665 0.27375 0.4633333333333333
5 0.9025 0.6641666666666667 0.195 0.36583333333333334
7 0.87 0.41083333333333333 0.201875 0.2175
7 0.791875 0.3258333333333333 0.17875 0.2975
7 0.901875 0.22166666666666668 0.113125 0.18916666666666668
7 0.64875 0.135 0.3 0.17166666666666666
0 0.405625 0.52 0.199375 0.22666666666666666
4 0.165625 0.6633333333333333 0.16625 0.42833333333333334
11 0.92 0.8575 0.16 0.11833333333333333
7 0.96625 0.5125 0.0675 0.2758333333333333
6 0.471875 0.11833333333333333 0.103125 0.19666666666666666