7 0.638125 0.5766666666666667 0.5375 0.5066666666666667
6 0.620625 0.3958333333333333 0.4625 0.305
6 0.575 0.3375 0.38125 0.2833333333333333
6 0.224375 0.6883333333333334 0.37125 0.43
3 0.23125 0.5858333333333333 0.2775 0.31833333333333336
3 0.42625 0.7083333333333334 0.2075 0.4716666666666667
7 0.938125 0.36916666666666664 0.12375 0.4583333333333333
7 0.779375 0.145 0.19375 0.21166666666666667
10 0.6425 0.22166666666666668 0.2625 0.145
10 0.8225 0.29 0.13875 0.22666666666666666
6 0.468125 0.2 0.13 0.37333333333333335
11 0.9125 0.8375 0.175 0.14833333333333334
10 0.9025 0.5916666666666667 0.195 0.44