11 0.91375 0.8616666666666667 0.171875 0.125
0 0.41625 0.5183333333333333 0.208125 0.26416666666666666
1 0.79125 0.2175 0.1725 0.16
1 0.725 0.4225 0.27375 0.3491666666666667
1 0.26875 0.48 0.200625 0.37333333333333335
10 0.30125 0.805 0.35125 0.2875
10 0.631875 0.8433333333333334 0.42875 0.225
10 0.923125 0.6283333333333333 0.15375 0.38083333333333336
10 0.918125 0.3675 0.12875 0.31666666666666665
1 0.536875 0.265 0.195625 0.1525
1 0.518125 0.16333333333333333 0.11125 0.0925
7 0.82375 0.3591666666666667 0.193125 0.2916666666666667
2 0.810625 0.7225 0.320625 0.33416666666666667
1 0.598125 0.5175 0.219375 0.4425
10 0.27875 0.46166666666666667 0.1 0.15833333333333333