11 0.9325 0.7791666666666667 0.135 0.14166666666666666
10 0.785 0.285 0.28 0.21333333333333335
7 0.6 0.2683333333333333 0.3675 0.30833333333333335
6 0.626875 0.495 0.42625 0.36833333333333335
6 0.52125 0.24083333333333334 0.30125 0.41333333333333333
6 0.38875 0.7158333333333333 0.37375 0.5433333333333333
6 0.23375 0.7041666666666667 0.37625 0.45166666666666666
6 0.234375 0.475 0.2875 0.3383333333333333
4 0.7175 0.7866666666666666 0.45875 0.35
5 0.96 0.5258333333333334 0.08 0.48833333333333334
7 0.47 0.13666666666666666 0.16875 0.18666666666666668
7 0.759375 0.5241666666666667 0.3725 0.5283333333333333
8 0.899375 0.605 0.16625 0.45166666666666666