10 0.13 0.6583333333333333 0.13875 0.3983333333333333
10 0.19 0.4175 0.1025 0.15166666666666667
10 0.738125 0.20583333333333334 0.154375 0.13666666666666666
10 0.8275 0.35583333333333333 0.129375 0.2625
10 0.4075 0.16916666666666666 0.10875 0.1075
11 0.835625 0.8725 0.231875 0.11916666666666667
0 0.311875 0.4975 0.2025 0.265
1 0.295625 0.7608333333333334 0.294375 0.35333333333333333
1 0.76625 0.49916666666666665 0.240625 0.24
4 0.760625 0.7825 0.25875 0.26166666666666666
1 0.75125 0.7008333333333333 0.29625 0.235
7 0.62625 0.31166666666666665 0.183125 0.21166666666666667