7 0.091875 0.6816666666666666 0.18375 0.3641666666666667
7 0.725625 0.1975 0.149375 0.20833333333333334
5 0.82125 0.6691666666666667 0.138125 0.44
4 0.245 0.705 0.205625 0.3958333333333333
1 0.454375 0.5541666666666667 0.23625 0.4266666666666667
1 0.596875 0.3075 0.263125 0.1875
10 0.82875 0.6908333333333333 0.20625 0.2925
10 0.65125 0.735 0.285 0.3016666666666667
10 0.39875 0.25833333333333336 0.10125 0.13583333333333333
0 0.310625 0.49583333333333335 0.194375 0.265
10 0.818125 0.285 0.098125 0.20833333333333334
11 0.839375 0.8716666666666667 0.2375 0.12083333333333333