10 0.89375 0.5591666666666667 0.19875 0.405
8 0.74625 0.7775 0.41 0.325
11 0.908125 0.765 0.18375 0.2
0 0.325625 0.5508333333333333 0.25625 0.3233333333333333
1 0.59625 0.71 0.41375 0.55
1 0.57125 0.39166666666666666 0.28875 0.41333333333333333
1 0.788125 0.35083333333333333 0.2625 0.30333333333333334
1 0.761875 0.15083333333333335 0.16 0.24
6 0.398125 0.29083333333333333 0.2625 0.32166666666666666
6 0.35 0.7508333333333334 0.2425 0.49833333333333335
1 0.914375 0.5366666666666666 0.17125 0.4066666666666667