0 0.393125 0.5158333333333334 0.235 0.30333333333333334
11 0.924375 0.8416666666666667 0.15125 0.15
10 0.79875 0.6841666666666667 0.39875 0.36
10 0.888125 0.6316666666666667 0.22375 0.3466666666666667
10 0.8025 0.27 0.25375 0.285
10 0.80125 0.12416666666666666 0.19625 0.13666666666666666
7 0.5775 0.49833333333333335 0.33375 0.6983333333333334
10 0.611875 0.23833333333333334 0.31875 0.22833333333333333
10 0.935625 0.345 0.12875 0.37666666666666665
4 0.8525 0.405 0.295 0.26
10 0.189375 0.7175 0.24375 0.5033333333333333
10 0.611875 0.8558333333333333 0.49875 0.2866666666666667
10 0.2175 0.43583333333333335 0.18375 0.23666666666666666
10 0.478125 0.15833333333333333 0.09875 0.135
10 0.93 0.4725 0.14 0.33166666666666667