11 0.83 0.975 0.1825 0.05
0 0.388125 0.5133333333333333 0.27 0.34833333333333333
1 0.84 0.32916666666666666 0.2125 0.22666666666666666
1 0.730625 0.5208333333333334 0.355 0.46
1 0.24125 0.4216666666666667 0.2825 0.46166666666666667
10 0.211875 0.7658333333333334 0.4225 0.4116666666666667
10 0.551875 0.8683333333333333 0.48875 0.2633333333333333
10 0.885 0.7891666666666667 0.2125 0.4216666666666667
10 0.921875 0.5275 0.15625 0.375
1 0.564375 0.29 0.23375 0.22833333333333333
1 0.565 0.1775 0.135 0.135
7 0.845625 0.48833333333333334 0.25875 0.37333333333333335
2 0.760625 0.8166666666666667 0.40125 0.36666666666666664
1 0.57875 0.575 0.31625 0.54
10 0.255625 0.4066666666666667 0.13625 0.2