11 0.12625 0.9383333333333334 0.16 0.12333333333333334
10 0.1425 0.44916666666666666 0.27625 0.3616666666666667
1 0.095625 0.4275 0.19125 0.37833333333333335
10 0.10875 0.7166666666666667 0.21625 0.395
0 0.5925 0.47833333333333333 0.255 0.33166666666666667
1 0.471875 0.25583333333333336 0.15375 0.3416666666666667
1 0.36875 0.4058333333333333 0.34625 0.47
1 0.1425 0.24583333333333332 0.1875 0.18166666666666667
1 0.779375 0.4766666666666667 0.2875 0.495
1 0.67 0.7683333333333333 0.4925 0.4266666666666667
1 0.399375 0.7583333333333333 0.44375 0.48333333333333334
7 0.2725 0.6491666666666667 0.39 0.7016666666666667
7 0.039375 0.6158333333333333 0.07875 0.43833333333333335
8 0.1975 0.7616666666666667 0.27 0.4766666666666667