7 0.05375 0.605 0.1075 0.4266666666666667
7 0.75375 0.25833333333333336 0.2 0.275
5 0.77625 0.7708333333333334 0.2275 0.4583333333333333
4 0.1425 0.6633333333333333 0.285 0.49666666666666665
1 0.394375 0.5641666666666667 0.3325 0.54
1 0.59375 0.33916666666666667 0.32 0.2866666666666667
10 0.779375 0.8191666666666667 0.27625 0.3616666666666667
10 0.57875 0.8075 0.365 0.385
10 0.385625 0.22333333333333333 0.13375 0.18
0 0.2475 0.4558333333333333 0.25875 0.35
10 0.839375 0.3825 0.14375 0.25833333333333336
11 0.761875 0.9633333333333334 0.27875 0.07333333333333333