0 0.42125 0.4975 0.22625 0.29333333333333333
11 0.891875 0.9141666666666667 0.1725 0.13833333333333334
10 0.88375 0.7991666666666667 0.20875 0.23333333333333334
1 0.71 0.4191666666666667 0.2175 0.41333333333333333
1 0.516875 0.33416666666666667 0.25 0.23
1 0.3075 0.7383333333333333 0.35375 0.32
1 0.24 0.545 0.2275 0.37666666666666665
1 0.22875 0.4083333333333333 0.11 0.22666666666666666
1 0.549375 0.19583333333333333 0.19625 0.185
1 0.68375 0.715 0.2925 0.5333333333333333
10 0.56 0.7008333333333333 0.23875 0.5716666666666667
7 0.82375 0.295 0.34625 0.415
1 0.931875 0.42833333333333334 0.13625 0.3233333333333333
10 0.828125 0.41583333333333333 0.1325 0.345
4 0.94875 0.5933333333333334 0.1025 0.36333333333333334