0 0.413125 0.5116666666666667 0.209375 0.25333333333333335
10 0.493125 0.6833333333333333 0.44125 0.21
1 0.48 0.8333333333333334 0.47875 0.26166666666666666
10 0.6875 0.4725 0.371875 0.18666666666666668
10 0.938125 0.6308333333333334 0.12375 0.38
10 0.838125 0.30916666666666665 0.171875 0.3233333333333333
10 0.92375 0.35333333333333333 0.13375 0.305
10 0.66 0.2791666666666667 0.310625 0.16083333333333333
10 0.63 0.3525 0.339375 0.15833333333333333
10 0.2175 0.5458333333333333 0.18 0.43
11 0.914375 0.865 0.17125 0.11166666666666666
5 0.78375 0.6591666666666667 0.29 0.455
1 0.47875 0.24416666666666667 0.1375 0.25416666666666665