7 0.864375 0.6616666666666666 0.27125 0.6633333333333333
10 0.82625 0.7875 0.3475 0.3616666666666667
1 0.9775 0.6958333333333333 0.045 0.4216666666666667
1 0.964375 0.375 0.07125 0.32666666666666666
1 0.919375 0.3725 0.16125 0.35833333333333334
10 0.875 0.185 0.21 0.12166666666666667
10 0.7125 0.2791666666666667 0.3525 0.18833333333333332
1 0.63625 0.4125 0.3425 0.25333333333333335
0 0.43375 0.57 0.23875 0.29833333333333334
10 0.23 0.46 0.10375 0.2
4 0.24625 0.8175 0.30625 0.2966666666666667
10 0.558125 0.8875 0.56625 0.225
11 0.951875 0.9383333333333334 0.09625 0.10333333333333333
1 0.515 0.2325 0.14625 0.23333333333333334
1 0.831875 0.5708333333333333 0.33625 0.415