10 0.40625 0.48583333333333334 0.18125 0.5116666666666667
10 0.265625 0.30916666666666665 0.285 0.18833333333333332
1 0.14125 0.205 0.18125 0.145
10 0.07625 0.3641666666666667 0.12 0.20166666666666666
4 0.211875 0.5358333333333334 0.28625 0.415
1 0.148125 0.44666666666666666 0.2675 0.18833333333333332
1 0.16375 0.7333333333333333 0.32375 0.3466666666666667
1 0.060625 0.6633333333333333 0.12125 0.4
1 0.395625 0.7958333333333333 0.45625 0.38666666666666666
1 0.613125 0.7675 0.48375 0.38
1 0.764375 0.5983333333333334 0.23375 0.44333333333333336
0 0.5825 0.5108333333333334 0.2125 0.25666666666666665
1 0.771875 0.42083333333333334 0.12125 0.25833333333333336
1 0.4825 0.155 0.09375 0.10166666666666667
1 0.48625 0.29583333333333334 0.1225 0.16666666666666666
11 0.0925 0.8941666666666667 0.1675 0.12333333333333334