0 0.415625 0.5158333333333334 0.203125 0.26166666666666666
11 0.9025 0.8633333333333333 0.194375 0.13
4 0.765625 0.8258333333333333 0.378125 0.2575
10 0.375625 0.8358333333333333 0.41125 0.23666666666666666
6 0.27625 0.6516666666666666 0.349375 0.33416666666666667
10 0.219375 0.5558333333333333 0.171875 0.2991666666666667
10 0.215 0.39666666666666667 0.068125 0.1425
7 0.49625 0.165 0.101875 0.1175
10 0.935 0.53 0.13 0.31583333333333335
7 0.859375 0.6566666666666666 0.28125 0.32666666666666666
7 0.8825 0.265 0.2125 0.2791666666666667
7 0.69125 0.11916666666666667 0.25625 0.19083333333333333
7 0.644375 0.31083333333333335 0.31625 0.24083333333333334
10 0.6275 0.2683333333333333 0.303125 0.14166666666666666
10 0.8175 0.36333333333333334 0.13625 0.315