0 0.331875 0.55 0.2275 0.29333333333333333
11 0.89 0.9483333333333334 0.22 0.10333333333333333
5 0.879375 0.8266666666666667 0.225 0.25666666666666665
10 0.956875 0.7191666666666666 0.08625 0.38333333333333336
10 0.46 0.20416666666666666 0.13 0.1
7 0.763125 0.21166666666666667 0.2125 0.19333333333333333
6 0.501875 0.3858333333333333 0.2875 0.25666666666666665
6 0.45875 0.6841666666666667 0.2775 0.34
6 0.169375 0.6741666666666667 0.25 0.37333333333333335
4 0.15375 0.49083333333333334 0.1425 0.25833333333333336
7 0.04875 0.6333333333333333 0.095 0.37