11 0.92 0.8616666666666667 0.16 0.125
10 0.754375 0.7241666666666666 0.325625 0.4216666666666667
10 0.90375 0.6316666666666667 0.1925 0.38666666666666666
10 0.91 0.2991666666666667 0.135 0.25833333333333336
4 0.8075 0.24666666666666667 0.105625 0.22833333333333333
10 0.6375 0.3 0.305625 0.20083333333333334
10 0.765 0.37666666666666665 0.29125 0.18666666666666668
4 0.486875 0.7333333333333333 0.293125 0.4041666666666667
4 0.54625 0.4425 0.26 0.26166666666666666
7 0.31 0.6908333333333333 0.389375 0.4216666666666667
4 0.195625 0.5441666666666667 0.159375 0.3458333333333333
7 0.251875 0.46 0.106875 0.24666666666666667
0 0.39875 0.5191666666666667 0.181875 0.25416666666666665
4 0.938125 0.5241666666666667 0.123125 0.24416666666666667