11 0.0225 0.6975 0.045 0.17166666666666666
4 0.113125 0.5941666666666666 0.22625 0.30833333333333335
10 0.076875 0.25583333333333336 0.15375 0.445
10 0.168125 0.08666666666666667 0.22375 0.17333333333333334
6 0.495625 0.1725 0.30125 0.345
6 0.38125 0.22416666666666665 0.475 0.38
6 0.315 0.4175 0.52375 0.49666666666666665
6 0.3575 0.6466666666666666 0.5225 0.67
6 0.76125 0.6825 0.4425 0.49333333333333335
3 0.665625 0.7116666666666667 0.4125 0.57
3 0.741875 0.6041666666666666 0.29625 0.445
7 0.56125 0.0575 0.16 0.115