11 0.0775 0.7466666666666667 0.155 0.18666666666666668
0 0.59375 0.535 0.23875 0.2966666666666667
7 0.60125 0.66 0.50375 0.33666666666666667
7 0.155 0.14666666666666667 0.2225 0.29333333333333333
7 0.355 0.14083333333333334 0.29125 0.21666666666666667
7 0.55625 0.15833333333333333 0.14625 0.23666666666666666
7 0.205625 0.29583333333333334 0.22875 0.4483333333333333
7 0.30875 0.35 0.28875 0.49
7 0.44 0.36833333333333335 0.34 0.495
5 0.165625 0.6316666666666667 0.33125 0.38333333333333336
5 0.105625 0.535 0.21125 0.48
4 0.46375 0.7758333333333334 0.3875 0.4116666666666667
4 0.800625 0.6333333333333333 0.20125 0.48
7 0.035 0.35333333333333333 0.06875 0.18166666666666667