10 0.233125 0.2708333333333333 0.17625 0.15666666666666668
10 0.48125 0.3025 0.2575 0.25333333333333335
10 0.1975 0.40166666666666667 0.14625 0.20166666666666666
8 0.205625 0.7675 0.15875 0.4116666666666667
10 0.885625 0.6 0.22875 0.4033333333333333
10 0.788125 0.7058333333333333 0.305 0.4266666666666667
1 0.475 0.4975 0.265 0.41333333333333333
1 0.315625 0.5016666666666667 0.22125 0.37166666666666665
1 0.408125 0.8275 0.35875 0.345
1 0.1475 0.74 0.14 0.3383333333333333
0 0.690625 0.4725 0.22875 0.295
11 0.19625 0.9283333333333333 0.245 0.14333333333333334