11 0.831875 0.9425 0.22625 0.115
11 0.81375 0.9475 0.236875 0.105
10 0.593125 0.7316666666666667 0.296875 0.2525
10 0.819375 0.5091666666666667 0.09 0.3425
4 0.688125 0.1375 0.1375 0.25916666666666666
10 0.685625 0.07 0.105 0.10583333333333333
7 0.3925 0.059166666666666666 0.108125 0.11833333333333333
5 0.658125 0.9016666666666666 0.256875 0.19666666666666666
5 0.765 0.7841666666666667 0.15625 0.4083333333333333
5 0.85625 0.775 0.14875 0.3575
0 0.279375 0.48583333333333334 0.2025 0.3491666666666667