4 0.67875 0.8125 0.4375 0.375
5 0.936875 0.7116666666666667 0.12625 0.5766666666666667
1 0.919375 0.44916666666666666 0.1475 0.31333333333333335
1 0.83375 0.39166666666666666 0.20375 0.30333333333333334
1 0.644375 0.4575 0.25 0.45166666666666666
10 0.845 0.22583333333333333 0.20875 0.16666666666666666
10 0.5075 0.15 0.105 0.14333333333333334
1 0.491875 0.335 0.2725 0.24
10 0.315625 0.6866666666666666 0.4675 0.30333333333333334
10 0.153125 0.51 0.23125 0.4583333333333333
1 0.231875 0.8091666666666667 0.46375 0.36833333333333335
10 0.578125 0.8925 0.46625 0.215
11 0.866875 0.96 0.18875 0.08
0 0.37 0.5 0.25875 0.2816666666666667
8 0.855 0.755 0.2175 0.49