4 0.471875 0.6858333333333333 0.235625 0.4816666666666667
10 0.711875 0.725 0.30875 0.3975
1 0.5075 0.24666666666666667 0.098125 0.19583333333333333
10 0.51 0.14416666666666667 0.069375 0.06916666666666667
1 0.24375 0.475 0.14375 0.27666666666666667
1 0.595 0.4091666666666667 0.198125 0.4116666666666667
1 0.76 0.39666666666666667 0.1725 0.3491666666666667
1 0.830625 0.2125 0.18375 0.16166666666666665
1 0.911875 0.3175 0.126875 0.2633333333333333
7 0.84375 0.6658333333333334 0.30125 0.3875
7 0.90875 0.645 0.181875 0.42083333333333334
1 0.844375 0.46166666666666667 0.26125 0.2075
1 0.92125 0.4575 0.1575 0.17083333333333334
11 0.90875 0.8808333333333334 0.181875 0.08666666666666667
1 0.3075 0.7633333333333333 0.323125 0.3433333333333333
0 0.40875 0.505 0.19375 0.24083333333333334