10 0.36875 0.6908333333333333 0.44125 0.30666666666666664
1 0.435 0.835 0.46375 0.2816666666666667
10 0.49 0.24833333333333332 0.1375 0.31666666666666665
7 0.64125 0.495 0.265 0.4583333333333333
4 0.78375 0.3375 0.1925 0.46166666666666667
10 0.85125 0.3408333333333333 0.1275 0.33166666666666667
10 0.918125 0.36916666666666664 0.1 0.32166666666666666
10 0.77875 0.1775 0.25125 0.11666666666666667
5 0.938125 0.625 0.12375 0.49666666666666665
7 0.79 0.7216666666666667 0.32 0.4866666666666667
0 0.391875 0.5116666666666667 0.21625 0.25833333333333336
10 0.193125 0.5758333333333333 0.19125 0.48
11 0.91 0.8916666666666667 0.18 0.10666666666666667