11 0.914375 0.8683333333333333 0.17125 0.12333333333333334
10 0.88625 0.3458333333333333 0.074375 0.16333333333333333
10 0.219375 0.5066666666666667 0.18125 0.31916666666666665
4 0.41375 0.8375 0.420625 0.27166666666666667
6 0.605 0.3566666666666667 0.36375 0.25583333333333336
6 0.52 0.265 0.221875 0.30416666666666664
6 0.590625 0.6733333333333333 0.450625 0.43166666666666664
4 0.4925 0.74 0.37625 0.4325
4 0.760625 0.7258333333333333 0.20375 0.425
5 0.860625 0.6158333333333333 0.220625 0.5091666666666667
5 0.9275 0.6166666666666667 0.144375 0.4575
4 0.820625 0.2325 0.148125 0.17583333333333334
0 0.41 0.525 0.21 0.2575
3 0.243125 0.6591666666666667 0.25 0.39166666666666666
10 0.9575 0.4741666666666667 0.085 0.18166666666666667