0 0.64125 0.49666666666666665 0.25125 0.3233333333333333
11 0.129375 0.9325 0.20125 0.135
8 0.269375 0.7233333333333334 0.33125 0.5266666666666666
1 0.12125 0.33166666666666667 0.1825 0.275
4 0.141875 0.155 0.1775 0.235
4 0.349375 0.2475 0.28625 0.2783333333333333
7 0.550625 0.15333333333333332 0.20875 0.30666666666666664
7 0.245 0.3775 0.2875 0.31166666666666665
4 0.14375 0.625 0.2875 0.37333333333333335
4 0.096875 0.6333333333333333 0.19375 0.42
10 0.436875 0.8525 0.49125 0.295
6 0.7925 0.6016666666666667 0.2475 0.5966666666666667
1 0.90125 0.6058333333333333 0.17 0.52
7 0.3275 0.1325 0.325 0.24333333333333335
10 0.06875 0.6725 0.1375 0.465