0 0.314375 0.49833333333333335 0.19875 0.2625
1 0.535625 0.8383333333333334 0.37 0.235
1 0.765 0.2916666666666667 0.093125 0.22416666666666665
1 0.1675 0.42583333333333334 0.12 0.1325
7 0.821875 0.5841666666666666 0.13625 0.4166666666666667
10 0.7425 0.6608333333333334 0.165 0.3541666666666667
5 0.7275 0.7091666666666666 0.15 0.4066666666666667
10 0.8675 0.685 0.109375 0.325
10 0.616875 0.30083333333333334 0.251875 0.14166666666666666
10 0.819375 0.435 0.089375 0.25166666666666665
11 0.84 0.8716666666666667 0.2325 0.11833333333333333