11 0.90375 0.8533333333333334 0.1925 0.14
0 0.405625 0.5091666666666667 0.205625 0.24583333333333332
7 0.380625 0.6283333333333333 0.47625 0.21583333333333332
7 0.89 0.21666666666666667 0.18 0.30333333333333334
7 0.693125 0.18583333333333332 0.271875 0.14833333333333334
7 0.495625 0.1525 0.116875 0.20833333333333334
7 0.81625 0.37416666666666665 0.170625 0.4083333333333333
7 0.70875 0.40166666666666667 0.2275 0.43583333333333335
7 0.578125 0.3858333333333333 0.280625 0.4266666666666667
5 0.81625 0.7141666666666666 0.30625 0.30666666666666664
5 0.901875 0.6391666666666667 0.195625 0.43416666666666665
4 0.4975 0.7758333333333334 0.343125 0.325
4 0.190625 0.5525 0.138125 0.4483333333333333
7 0.97625 0.47333333333333333 0.0475 0.1725