11 0.90625 0.89 0.1875 0.11
11 0.893125 0.8975 0.21375 0.105
10 0.655625 0.735 0.35375 0.33666666666666667
10 0.878125 0.445 0.1375 0.3933333333333333
4 0.693125 0.10916666666666666 0.17625 0.21833333333333332
10 0.681875 0.029166666666666667 0.12375 0.058333333333333334
7 0.36125 0.06333333333333334 0.1275 0.105
5 0.74375 0.8783333333333333 0.2975 0.21166666666666667
5 0.8475 0.7341666666666666 0.21375 0.435
5 0.923125 0.7241666666666666 0.15375 0.415
0 0.284375 0.5291666666666667 0.26125 0.42333333333333334