10 0.83625 0.3233333333333333 0.20375 0.215
10 0.913125 0.5416666666666666 0.17375 0.41333333333333333
10 0.794375 0.7733333333333333 0.32875 0.4533333333333333
4 0.653125 0.7883333333333333 0.41875 0.42333333333333334
4 0.128125 0.645 0.25625 0.5466666666666666
3 0.26625 0.7108333333333333 0.295 0.5116666666666667
4 0.499375 0.7625 0.43125 0.475
6 0.585625 0.5608333333333333 0.49125 0.5083333333333333
6 0.5925 0.39416666666666667 0.4625 0.41833333333333333
10 0.47875 0.21666666666666667 0.1525 0.255
0 0.318125 0.5783333333333334 0.24875 0.2916666666666667
5 0.918125 0.7908333333333334 0.15375 0.41833333333333333