0 0.469375 0.6025 0.26875 0.3333333333333333
1 0.729375 0.8608333333333333 0.52875 0.2783333333333333
1 0.8325 0.7275 0.335 0.49166666666666664
1 0.92125 0.2758333333333333 0.155 0.375
1 0.83875 0.4058333333333333 0.3225 0.2683333333333333
10 0.7075 0.32416666666666666 0.4025 0.31166666666666665
1 0.970625 0.6775 0.05875 0.49833333333333335
10 0.60375 0.6066666666666667 0.34625 0.4033333333333333
7 0.48 0.8058333333333333 0.65 0.3883333333333333
4 0.24 0.74 0.2625 0.52
10 0.558125 0.1625 0.13 0.14166666666666666
1 0.2625 0.6433333333333333 0.22875 0.445