11 0.910625 0.8575 0.17875 0.12583333333333332
0 0.40125 0.5075 0.18125 0.24666666666666667
1 0.815 0.23083333333333333 0.1825 0.18833333333333332
5 0.84875 0.6275 0.1675 0.5341666666666667
5 0.936875 0.59 0.120625 0.5608333333333333
6 0.61375 0.6091666666666666 0.425625 0.30083333333333334
6 0.594375 0.3491666666666667 0.32625 0.2841666666666667
6 0.51375 0.72 0.42375 0.485
7 0.559375 0.23916666666666667 0.25 0.2025
7 0.4775 0.12 0.129375 0.115
4 0.228125 0.66 0.2325 0.385
10 0.209375 0.46166666666666667 0.1075 0.19916666666666666
10 0.273125 0.4841666666666667 0.103125 0.18833333333333332
10 0.795625 0.37333333333333335 0.190625 0.30916666666666665