4 0.83875 0.21833333333333332 0.188125 0.24333333333333335
7 0.5975 0.43083333333333335 0.32625 0.4575
4 0.521875 0.29 0.27625 0.23333333333333334
4 0.231875 0.6575 0.2425 0.43416666666666665
1 0.609375 0.79 0.445 0.335
5 0.819375 0.7183333333333334 0.306875 0.2966666666666667
5 0.931875 0.5766666666666667 0.13625 0.5633333333333334
7 0.724375 0.2841666666666667 0.321875 0.3258333333333333
7 0.281875 0.48 0.140625 0.3983333333333333
7 0.17375 0.4675 0.086875 0.4225
0 0.41625 0.5183333333333333 0.206875 0.2683333333333333
11 0.904375 0.86 0.19125 0.11666666666666667
10 0.4975 0.16666666666666666 0.11625 0.10416666666666667
4 0.830625 0.18583333333333332 0.13875 0.15833333333333333