0 0.276875 0.5183333333333333 0.2125 0.2816666666666667
1 0.514375 0.8783333333333333 0.3975 0.24333333333333335
1 0.76125 0.2966666666666667 0.1 0.24
1 0.12 0.44083333333333335 0.12875 0.14166666666666666
7 0.821875 0.61 0.14625 0.44666666666666666
10 0.736875 0.6925 0.1775 0.38
5 0.720625 0.7441666666666666 0.16 0.43666666666666665
10 0.870625 0.7183333333333334 0.1175 0.34833333333333333
10 0.6025 0.30666666666666664 0.27 0.15333333333333332
10 0.819375 0.4508333333333333 0.095 0.27
11 0.84125 0.9191666666666667 0.25 0.12666666666666668