10 0.958125 0.5075 0.08375 0.4166666666666667
10 0.881875 0.4508333333333333 0.113125 0.3575
10 0.8375 0.25333333333333335 0.209375 0.20916666666666667
3 0.286875 0.695 0.284375 0.3858333333333333
6 0.578125 0.6891666666666667 0.365625 0.4583333333333333
7 0.70125 0.57 0.46875 0.345
6 0.63625 0.4275 0.421875 0.16916666666666666
6 0.586875 0.30916666666666665 0.329375 0.26166666666666666
6 0.535625 0.23333333333333334 0.20375 0.22833333333333333
6 0.20125 0.615 0.31375 0.36583333333333334
3 0.25 0.5641666666666667 0.213125 0.33666666666666667
11 0.909375 0.86 0.18125 0.12416666666666666
7 0.476875 0.10083333333333333 0.13 0.16166666666666665