10 0.8225 0.6733333333333333 0.124375 0.3433333333333333
8 0.654375 0.8258333333333333 0.35375 0.19
11 0.838125 0.8725 0.228125 0.11833333333333333
0 0.315625 0.4975 0.1975 0.24166666666666667
1 0.53125 0.7208333333333333 0.315 0.4175
1 0.561875 0.42833333333333334 0.21375 0.32166666666666666
1 0.763125 0.45666666666666667 0.20875 0.21916666666666668
1 0.773125 0.26916666666666667 0.11625 0.18916666666666668
6 0.425 0.28583333333333333 0.205 0.2375
6 0.30125 0.7033333333333334 0.14375 0.4675
1 0.86625 0.6666666666666666 0.14375 0.3383333333333333