1 0.513125 0.16166666666666665 0.13125 0.11
4 0.389375 0.45166666666666666 0.22875 0.3233333333333333
4 0.2825 0.6166666666666667 0.17125 0.38166666666666665
5 0.24625 0.8683333333333333 0.345 0.2633333333333333
10 0.0775 0.78 0.14375 0.3933333333333333
10 0.039375 0.6758333333333333 0.0775 0.28833333333333333
7 0.600625 0.66 0.42125 0.33
0 0.661875 0.52 0.25375 0.33666666666666667
10 0.86875 0.465 0.165 0.3566666666666667
11 0.119375 0.9633333333333334 0.19625 0.07333333333333333
5 0.0425 0.8208333333333333 0.0725 0.35833333333333334