10 0.786875 0.49666666666666665 0.19125 0.42
1 0.144375 0.3475 0.16375 0.3333333333333333
1 0.078125 0.3575 0.15625 0.3416666666666667
10 0.054375 0.62 0.10875 0.39666666666666667
10 0.171875 0.675 0.33375 0.28833333333333333
1 0.354375 0.8116666666666666 0.46 0.315
1 0.703125 0.6975 0.38875 0.39166666666666666
7 0.6325 0.6983333333333334 0.475 0.315
6 0.471875 0.24416666666666667 0.2525 0.32
4 0.42875 0.45166666666666666 0.2225 0.3466666666666667
4 0.199375 0.49 0.20875 0.385
0 0.600625 0.5091666666666667 0.215 0.27166666666666667
11 0.085 0.8558333333333333 0.17 0.135
1 0.191875 0.19916666666666666 0.1725 0.20333333333333334