11 0.909375 0.85 0.18125 0.12916666666666668
0 0.400625 0.52 0.174375 0.25416666666666665
6 0.60125 0.62 0.395625 0.32166666666666666
6 0.555 0.32 0.2475 0.335
6 0.473125 0.25083333333333335 0.13875 0.3458333333333333
7 0.71625 0.2833333333333333 0.296875 0.35083333333333333
5 0.801875 0.6416666666666667 0.24875 0.5116666666666667
7 0.675625 0.8683333333333333 0.3975 0.20083333333333334
7 0.365 0.7741666666666667 0.28125 0.37333333333333335
3 0.228125 0.6475 0.248125 0.3616666666666667
7 0.931875 0.2991666666666667 0.1275 0.39166666666666666
7 0.965 0.6008333333333333 0.07 0.4216666666666667
10 0.718125 0.35083333333333333 0.21375 0.285
10 0.848125 0.29 0.129375 0.2833333333333333