0 0.64625 0.4666666666666667 0.2725 0.3566666666666667
11 0.17375 0.9516666666666667 0.2225 0.09666666666666666
4 0.309375 0.8591666666666666 0.46625 0.2816666666666667
10 0.746875 0.8066666666666666 0.49875 0.38666666666666666
6 0.8 0.5741666666666667 0.4 0.4816666666666667
10 0.87125 0.44916666666666666 0.245 0.3883333333333333
10 0.848125 0.26916666666666667 0.10125 0.18
7 0.49375 0.10083333333333333 0.135 0.16333333333333333
10 0.084375 0.6425 0.16875 0.3883333333333333
7 0.184375 0.7616666666666667 0.3525 0.4483333333333333
7 0.111875 0.33166666666666667 0.22375 0.37666666666666665
7 0.2725 0.13666666666666666 0.31 0.24
7 0.355 0.31 0.395 0.36833333333333335
10 0.365625 0.2575 0.36375 0.25333333333333335
10 0.170625 0.4225 0.2075 0.3933333333333333