11 0.825 0.9616666666666667 0.2 0.07666666666666666
1 0.859375 0.7733333333333333 0.23625 0.4533333333333333
1 0.9025 0.7808333333333334 0.1875 0.435
10 0.6375 0.3566666666666667 0.38625 0.3433333333333333
10 0.460625 0.595 0.405 0.5383333333333333
1 0.916875 0.44666666666666666 0.16625 0.3333333333333333
1 0.85125 0.4025 0.21 0.36
1 0.67375 0.7508333333333334 0.42 0.49833333333333335
1 0.7475 0.475 0.3225 0.295
3 0.23375 0.5525 0.4225 0.41333333333333333
10 0.165 0.5741666666666667 0.2875 0.5066666666666667
0 0.380625 0.49833333333333335 0.255 0.3333333333333333
1 0.53875 0.8291666666666667 0.5 0.3416666666666667
1 0.205625 0.37666666666666665 0.1725 0.26166666666666666
10 0.54 0.1575 0.1575 0.15666666666666668