10 0.071875 0.36666666666666664 0.14375 0.30666666666666664
7 0.099375 0.2125 0.145 0.30666666666666664
7 0.24875 0.10333333333333333 0.32 0.18666666666666668
6 0.38 0.5841666666666666 0.525 0.5066666666666667
6 0.46 0.23833333333333334 0.31375 0.3983333333333333
6 0.689375 0.7016666666666667 0.39125 0.58
6 0.848125 0.5083333333333333 0.30375 0.44333333333333336
0 0.644375 0.4975 0.25 0.33166666666666667
5 0.1425 0.6591666666666667 0.25 0.6816666666666666
10 0.0475 0.6341666666666667 0.095 0.365
11 0.096875 0.9466666666666667 0.14375 0.10666666666666667
10 0.45375 0.8725 0.5225 0.255