11 0.945625 0.7933333333333333 0.10875 0.15
1 0.824375 0.6666666666666666 0.35125 0.39
1 0.606875 0.3416666666666667 0.38125 0.2833333333333333
4 0.805625 0.5208333333333334 0.35 0.4583333333333333
1 0.836875 0.45 0.32625 0.43666666666666665
1 0.9575 0.555 0.085 0.4266666666666667
1 0.93 0.265 0.1325 0.3416666666666667
1 0.868125 0.2708333333333333 0.1825 0.3566666666666667
10 0.671875 0.20583333333333334 0.33375 0.225
7 0.821875 0.08083333333333333 0.16625 0.16166666666666665
10 0.245625 0.6141666666666666 0.25625 0.47333333333333333
10 0.571875 0.8275 0.55125 0.345
0 0.428125 0.5141666666666667 0.24125 0.31
1 0.479375 0.20583333333333334 0.15625 0.2783333333333333