10 0.32875 0.67 0.33375 0.24583333333333332
4 0.475625 0.8608333333333333 0.34875 0.1975
10 0.548125 0.33 0.2675 0.22583333333333333
10 0.630625 0.265 0.296875 0.15333333333333332
10 0.795 0.20333333333333334 0.199375 0.13166666666666665
10 0.800625 0.4066666666666667 0.266875 0.265
10 0.8325 0.2891666666666667 0.183125 0.15333333333333332
10 0.2325 0.445 0.11 0.22833333333333333
0 0.40875 0.5041666666666667 0.201875 0.23833333333333334
11 0.90625 0.8616666666666667 0.186875 0.12583333333333332
5 0.67125 0.7583333333333333 0.413125 0.335
5 0.821875 0.6825 0.32125 0.3458333333333333
5 0.905625 0.655 0.18875 0.33416666666666667
7 0.6075 0.5075 0.446875 0.285
10 0.946875 0.485 0.10625 0.2633333333333333