11 0.914375 0.86 0.168125 0.1225
1 0.79 0.7216666666666667 0.339375 0.31583333333333335
1 0.596875 0.38083333333333336 0.3425 0.21416666666666667
4 0.766875 0.5791666666666667 0.29625 0.38666666666666666
1 0.803125 0.5175 0.27625 0.37
1 0.941875 0.6366666666666667 0.11625 0.3933333333333333
1 0.9225 0.3591666666666667 0.13125 0.3075
1 0.846875 0.355 0.14375 0.315
10 0.66875 0.26416666666666666 0.3025 0.16416666666666666
7 0.82125 0.1525 0.143125 0.16583333333333333
10 0.234375 0.5808333333333333 0.205 0.41583333333333333
10 0.521875 0.835 0.500625 0.255
0 0.414375 0.515 0.205 0.2608333333333333
1 0.48875 0.235 0.125625 0.24333333333333335