11 0.925 0.8383333333333334 0.15 0.14
0 0.415 0.5425 0.22625 0.27
10 0.336875 0.73 0.28875 0.51
1 0.216875 0.6458333333333334 0.22 0.575
10 0.656875 0.7825 0.4375 0.33166666666666667
5 0.91875 0.6333333333333333 0.1625 0.47333333333333333
10 0.948125 0.4791666666666667 0.10375 0.26166666666666666
10 0.79125 0.15833333333333333 0.21625 0.13833333333333334
10 0.78625 0.23916666666666667 0.23625 0.15
4 0.768125 0.3575 0.16125 0.44333333333333336
7 0.6525 0.31833333333333336 0.24375 0.59
10 0.568125 0.37833333333333335 0.19125 0.3983333333333333
10 0.50625 0.15166666666666667 0.125 0.11666666666666667
6 0.478125 0.355 0.1175 0.315
7 0.895 0.3358333333333333 0.185 0.25666666666666665