11 0.831875 0.9266666666666666 0.25125 0.14333333333333334
10 0.906875 0.6891666666666667 0.14625 0.39
10 0.60875 0.29583333333333334 0.28125 0.17166666666666666
10 0.119375 0.3975 0.13 0.18166666666666667
8 0.775625 0.7391666666666666 0.13625 0.44666666666666666
8 0.86625 0.7483333333333333 0.11375 0.38166666666666665
6 0.44 0.5566666666666666 0.38875 0.25333333333333335
1 0.5125 0.8675 0.4125 0.265
1 0.765625 0.29333333333333333 0.10875 0.25333333333333335
1 0.81375 0.43083333333333335 0.14 0.2783333333333333
0 0.273125 0.49083333333333334 0.21875 0.295