0 0.439375 0.5233333333333333 0.2325 0.265
11 0.9475 0.7833333333333333 0.105 0.15333333333333332
10 0.708125 0.7708333333333334 0.45875 0.3333333333333333
10 0.365 0.7158333333333333 0.31875 0.5483333333333333
1 0.24 0.645 0.23625 0.575
10 0.8325 0.09833333333333333 0.1875 0.16666666666666666
5 0.868125 0.5683333333333334 0.26375 0.51
10 0.92625 0.5425 0.1475 0.395
10 0.95125 0.4666666666666667 0.0975 0.3466666666666667
6 0.6475 0.5875 0.4825 0.415
6 0.645 0.35833333333333334 0.415 0.30833333333333335
6 0.613125 0.2633333333333333 0.36875 0.3233333333333333
7 0.934375 0.21916666666666668 0.115 0.3333333333333333
1 0.499375 0.13333333333333333 0.11875 0.17833333333333334
10 0.65875 0.19583333333333333 0.35375 0.19833333333333333