0 0.31125 0.49916666666666665 0.19875 0.25916666666666666
0 0.65625 0.435 0.194375 0.31916666666666665
0 0.805 0.38 0.121875 0.2791666666666667
0 0.859375 0.6983333333333334 0.193125 0.2791666666666667
6 0.50375 0.47833333333333333 0.3375 0.19416666666666665
7 0.098125 0.6975 0.17625 0.3283333333333333
7 0.498125 0.6758333333333333 0.345625 0.24666666666666667
10 0.745625 0.2225 0.164375 0.09666666666666666
10 0.54875 0.8675 0.373125 0.165
2 0.7375 0.7425 0.2025 0.36083333333333334
11 0.83625 0.8716666666666667 0.233125 0.11833333333333333