6 0.573125 0.3283333333333333 0.3225 0.465
7 0.23625 0.4216666666666667 0.2775 0.445
7 0.539375 0.48833333333333334 0.4825 0.54
7 0.406875 0.6883333333333334 0.51625 0.5
7 0.471875 0.7825 0.48375 0.435
5 0.7475 0.7475 0.3625 0.505
5 0.853125 0.7958333333333333 0.26375 0.4083333333333333
7 0.86875 0.5433333333333333 0.24375 0.2866666666666667
7 0.805625 0.43166666666666664 0.23625 0.36
7 0.93125 0.3641666666666667 0.1375 0.22833333333333333
7 0.698125 0.19166666666666668 0.33375 0.2733333333333333
0 0.38125 0.4975 0.24375 0.295
4 0.118125 0.5616666666666666 0.23625 0.4866666666666667
11 0.834375 0.9616666666666667 0.18375 0.07666666666666666
7 0.9425 0.6783333333333333 0.115 0.3
6 0.523125 0.11583333333333333 0.14125 0.23166666666666666