11 0.911875 0.8708333333333333 0.175625 0.1175
5 0.9075 0.5916666666666667 0.176875 0.5358333333333334
7 0.693125 0.71 0.510625 0.2875
6 0.609375 0.5833333333333334 0.403125 0.22833333333333333
6 0.636875 0.43416666666666665 0.385 0.2075
6 0.585 0.32083333333333336 0.2875 0.2825
6 0.48875 0.7233333333333334 0.32625 0.4891666666666667
6 0.194375 0.6133333333333333 0.29625 0.33916666666666667
7 0.261875 0.8283333333333334 0.409375 0.24416666666666667
7 0.843125 0.18166666666666667 0.216875 0.21333333333333335
6 0.283125 0.42583333333333334 0.145625 0.16
6 0.459375 0.20083333333333334 0.100625 0.3233333333333333