1 0.27 0.8333333333333334 0.37 0.3333333333333333
1 0.908125 0.5383333333333333 0.18375 0.38
1 0.82625 0.2783333333333333 0.21 0.31833333333333336
10 0.7925 0.14666666666666667 0.16125 0.25
10 0.663125 0.2816666666666667 0.2925 0.245
5 0.775625 0.6416666666666667 0.315 0.48
10 0.808125 0.6183333333333333 0.31375 0.34833333333333333
10 0.62 0.825 0.40375 0.30833333333333335
7 0.32625 0.30333333333333334 0.105 0.195
0 0.31 0.5183333333333333 0.255 0.335
11 0.8925 0.7558333333333334 0.215 0.19833333333333333