0 0.595625 0.5308333333333334 0.225 0.2833333333333333
11 0.078125 0.8633333333333333 0.15625 0.13
10 0.35875 0.8825 0.49125 0.235
10 0.200625 0.7191666666666666 0.35125 0.295
1 0.1025 0.2783333333333333 0.17625 0.32166666666666666
1 0.788125 0.7166666666666667 0.22375 0.445
1 0.425625 0.30333333333333334 0.32 0.23166666666666666
1 0.55625 0.74 0.435 0.47333333333333333
1 0.194375 0.3283333333333333 0.155 0.33666666666666667
1 0.05375 0.5383333333333333 0.1075 0.30333333333333334
1 0.110625 0.6775 0.22125 0.2816666666666667
3 0.37875 0.495 0.385 0.31666666666666665
10 0.516875 0.15916666666666668 0.11875 0.11666666666666667
1 0.7625 0.4675 0.14 0.20833333333333334
10 0.2475 0.1675 0.10125 0.13333333333333333
10 0.51125 0.36583333333333334 0.1525 0.15666666666666668