1 0.6975 0.37333333333333335 0.214375 0.3425
0 0.410625 0.515 0.2025 0.2575
11 0.91375 0.8666666666666667 0.1725 0.11333333333333333
4 0.725625 0.4633333333333333 0.2925 0.215
1 0.7675 0.7016666666666667 0.315 0.43166666666666664
1 0.66375 0.77 0.325625 0.3383333333333333
1 0.33 0.7633333333333333 0.439375 0.33916666666666667
1 0.220625 0.6216666666666667 0.204375 0.38666666666666666
1 0.22625 0.49833333333333335 0.149375 0.29583333333333334
1 0.554375 0.43333333333333335 0.180625 0.4091666666666667
1 0.888125 0.305 0.15875 0.27166666666666667
1 0.828125 0.3016666666666667 0.170625 0.27166666666666667
1 0.911875 0.6175 0.114375 0.4
1 0.948125 0.6283333333333333 0.10375 0.39666666666666667
1 0.4725 0.32 0.093125 0.165
10 0.500625 0.165 0.12 0.11583333333333333