10 0.961875 0.5716666666666667 0.07625 0.44
10 0.9075 0.5058333333333334 0.1425 0.385
10 0.875 0.2941666666666667 0.2325 0.24333333333333335
3 0.2725 0.6875 0.3225 0.435
6 0.575625 0.7166666666666667 0.41125 0.5216666666666666
7 0.711875 0.6075 0.51 0.415
6 0.65375 0.4508333333333333 0.45 0.22666666666666666
6 0.61 0.3225 0.36 0.31166666666666665
6 0.5625 0.2375 0.2275 0.26166666666666666
6 0.18875 0.5933333333333334 0.35125 0.41833333333333333
3 0.243125 0.5458333333333333 0.245 0.37666666666666665
11 0.8925 0.9291666666666667 0.1675 0.14166666666666666
7 0.510625 0.09333333333333334 0.14625 0.18333333333333332