7 0.226875 0.7358333333333333 0.45375 0.485
7 0.793125 0.8733333333333333 0.31125 0.25333333333333335
7 0.81875 0.43916666666666665 0.3625 0.4683333333333333
7 0.95125 0.6625 0.0975 0.4716666666666667
7 0.9525 0.6725 0.095 0.465
6 0.481875 0.7241666666666666 0.38625 0.5516666666666666
6 0.629375 0.6133333333333333 0.53125 0.53
6 0.6 0.2816666666666667 0.37 0.4666666666666667
6 0.188125 0.42083333333333334 0.37625 0.4583333333333333
0 0.3975 0.5025 0.25625 0.32666666666666666
6 0.545 0.16583333333333333 0.18 0.33166666666666667
1 0.909375 0.4191666666666667 0.18125 0.33166666666666667
11 0.838125 0.9808333333333333 0.15375 0.03833333333333333
7 0.744375 0.5233333333333333 0.4525 0.43