11 0.83625 0.8725 0.2325 0.1225
10 0.234375 0.7791666666666667 0.309375 0.30083333333333334
10 0.744375 0.22416666666666665 0.156875 0.10416666666666667
6 0.460625 0.4766666666666667 0.270625 0.3425
6 0.3675 0.23833333333333334 0.09875 0.26166666666666666
3 0.41 0.68 0.2125 0.4375
1 0.7475 0.7283333333333334 0.301875 0.23583333333333334
1 0.763125 0.5158333333333334 0.234375 0.2708333333333333
7 0.853125 0.36916666666666664 0.105 0.32416666666666666
0 0.315 0.5008333333333334 0.2025 0.25416666666666665
5 0.723125 0.7333333333333333 0.221875 0.36333333333333334