10 0.94 0.6158333333333333 0.12 0.4166666666666667
1 0.84375 0.6366666666666667 0.169375 0.48
1 0.84125 0.31416666666666665 0.1825 0.285
10 0.885 0.2891666666666667 0.129375 0.25666666666666665
10 0.61125 0.8375 0.44875 0.24333333333333335
6 0.614375 0.6358333333333334 0.4125 0.33
6 0.63 0.5108333333333334 0.405 0.275
6 0.58125 0.3016666666666667 0.298125 0.245
6 0.5325 0.25666666666666665 0.23125 0.31333333333333335
6 0.2075 0.6058333333333333 0.3075 0.32916666666666666
3 0.29125 0.7 0.28125 0.39166666666666666
11 0.91125 0.8666666666666667 0.1775 0.1125
0 0.400625 0.5216666666666666 0.1875 0.2525