7 0.94 0.6408333333333334 0.12 0.415
7 0.643125 0.8025 0.54 0.2475
6 0.595625 0.39 0.330625 0.3233333333333333
6 0.535625 0.6333333333333333 0.4025 0.25
7 0.886875 0.24916666666666668 0.221875 0.23083333333333333
7 0.9075 0.38666666666666666 0.184375 0.19083333333333333
10 0.6375 0.2833333333333333 0.3025 0.17083333333333334
4 0.276875 0.6825 0.230625 0.43083333333333335
10 0.22 0.6041666666666666 0.215625 0.4241666666666667
0 0.409375 0.5233333333333333 0.213125 0.2808333333333333
11 0.91375 0.8691666666666666 0.1725 0.10916666666666666
10 0.52125 0.17666666666666667 0.138125 0.12583333333333332
10 0.81375 0.185 0.154375 0.11083333333333334
5 0.840625 0.6725 0.25 0.41833333333333333