10 0.768125 0.6783333333333333 0.2325 0.5333333333333333
10 0.1575 0.3425 0.28 0.255
10 0.048125 0.39166666666666666 0.09625 0.30666666666666664
1 0.38125 0.5841666666666666 0.3825 0.465
1 0.4375 0.15833333333333333 0.13375 0.09833333333333333
1 0.145625 0.22583333333333333 0.22125 0.14
7 0.07 0.6175 0.14 0.3283333333333333
7 0.230625 0.86 0.44875 0.25333333333333335
4 0.243125 0.5758333333333333 0.32375 0.39666666666666667
11 0.075625 0.93 0.1325 0.14
0 0.56875 0.5341666666666667 0.2275 0.2916666666666667
1 0.75625 0.44333333333333336 0.11625 0.20333333333333334
1 0.438125 0.25166666666666665 0.2275 0.12333333333333334
1 0.413125 0.37833333333333335 0.3075 0.20833333333333334
10 0.080625 0.7075 0.16 0.365