1 0.40875 0.3575 0.1475 0.165
1 0.4175 0.175 0.100625 0.14416666666666667
1 0.724375 0.2991666666666667 0.139375 0.22166666666666668
1 0.829375 0.4066666666666667 0.115 0.2725
1 0.583125 0.4741666666666667 0.26 0.3958333333333333
1 0.50625 0.8316666666666667 0.381875 0.24083333333333334
0 0.315 0.49833333333333335 0.204375 0.26166666666666666
11 0.838125 0.8716666666666667 0.229375 0.12083333333333333
10 0.16375 0.815 0.29375 0.20833333333333334
7 0.923125 0.6233333333333333 0.1425 0.29583333333333334
5 0.77375 0.6883333333333334 0.136875 0.4675
4 0.845 0.6791666666666667 0.128125 0.32666666666666666