10 0.79375 0.18416666666666667 0.16375 0.16166666666666665
10 0.906875 0.33666666666666667 0.14125 0.3433333333333333
10 0.848125 0.6133333333333333 0.24625 0.445
4 0.735625 0.6991666666666667 0.33375 0.4583333333333333
4 0.22375 0.69 0.25875 0.445
3 0.390625 0.7316666666666667 0.2225 0.5
4 0.59375 0.6683333333333333 0.34375 0.38166666666666665
6 0.626875 0.4625 0.3975 0.37833333333333335
6 0.6025 0.32083333333333336 0.38 0.3016666666666667
10 0.47625 0.20916666666666667 0.11375 0.20666666666666667
11 0.92125 0.835 0.1575 0.13333333333333333
0 0.406875 0.5616666666666666 0.1975 0.22166666666666668
5 0.955625 0.5966666666666667 0.08875 0.4666666666666667