11 0.85875 0.9275 0.2 0.145
10 0.91625 0.6841666666666667 0.1675 0.46166666666666667
1 0.810625 0.6791666666666667 0.2575 0.5566666666666666
1 0.843125 0.3408333333333333 0.23125 0.34
10 0.9025 0.3275 0.175 0.31
10 0.57625 0.8558333333333333 0.4775 0.28833333333333333
6 0.459375 0.6458333333333334 0.46875 0.48333333333333334
6 0.5775 0.5741666666666667 0.48875 0.36666666666666664
6 0.583125 0.2875 0.39 0.405
6 0.54375 0.1825 0.27625 0.31666666666666665
6 0.18125 0.44583333333333336 0.3625 0.40166666666666667
3 0.178125 0.585 0.3225 0.5183333333333333