7 0.181875 0.6766666666666666 0.36375 0.6466666666666666
10 0.228125 0.8 0.41375 0.4
1 0.066875 0.7783333333333333 0.13 0.4266666666666667
1 0.048125 0.4633333333333333 0.09625 0.34
1 0.0925 0.4483333333333333 0.185 0.3933333333333333
10 0.1025 0.25 0.205 0.17
10 0.26625 0.29333333333333333 0.3675 0.27
1 0.363125 0.39916666666666667 0.3675 0.33166666666666667
0 0.585 0.49166666666666664 0.27375 0.34833333333333333
10 0.76375 0.32416666666666666 0.12875 0.22
4 0.808125 0.675 0.34 0.365
10 0.521875 0.8283333333333334 0.59125 0.3433333333333333
11 0.133125 0.97 0.13875 0.06
1 0.45 0.18916666666666668 0.175 0.2633333333333333
1 0.19625 0.6133333333333333 0.3925 0.49333333333333335