0 0.41 0.5258333333333334 0.2225 0.29333333333333333
11 0.910625 0.9033333333333333 0.17 0.15166666666666667
10 0.631875 0.8975 0.46875 0.205
10 0.23625 0.4891666666666667 0.14875 0.36
10 0.580625 0.39666666666666667 0.30625 0.265
10 0.826875 0.20416666666666666 0.20875 0.12666666666666668
10 0.815 0.30833333333333335 0.26125 0.175
10 0.8925 0.3675 0.18875 0.16833333333333333
2 0.92 0.7175 0.15875 0.38666666666666666
10 0.970625 0.64 0.05875 0.43333333333333335
5 0.781875 0.7333333333333333 0.355 0.39666666666666667
7 0.238125 0.79 0.45625 0.31166666666666665
4 0.7975 0.5066666666666667 0.3275 0.25166666666666665
6 0.563125 0.30416666666666664 0.24625 0.39666666666666667