0 0.44625 0.525 0.26 0.32166666666666666
11 0.9725 0.8033333333333333 0.055 0.13
10 0.94375 0.5383333333333333 0.1125 0.4666666666666667
1 0.959375 0.5041666666666667 0.08125 0.46166666666666667
10 0.87375 0.17333333333333334 0.215 0.3466666666666667
10 0.8225 0.6516666666666666 0.315 0.5883333333333334
1 0.66625 0.63 0.3 0.6866666666666666
1 0.37 0.7891666666666667 0.49 0.4216666666666667
10 0.250625 0.6916666666666667 0.28875 0.4866666666666667
10 0.2175 0.5333333333333333 0.22875 0.49666666666666665
4 0.50625 0.26666666666666666 0.175 0.3383333333333333
1 0.7375 0.2608333333333333 0.37 0.3433333333333333
10 0.4875 0.08666666666666667 0.175 0.17333333333333334