6 0.45875 0.7266666666666667 0.3625 0.5466666666666666
6 0.353125 0.515 0.455 0.325
6 0.7775 0.55 0.29125 0.45
6 0.42625 0.2808333333333333 0.28375 0.38666666666666666
7 0.2625 0.2825 0.2325 0.29
7 0.13875 0.5866666666666667 0.2775 0.48
7 0.278125 0.7591666666666667 0.44125 0.47833333333333333
7 0.8075 0.33666666666666667 0.155 0.21166666666666667
5 0.055 0.6666666666666666 0.11 0.5133333333333333
4 0.116875 0.20833333333333334 0.1575 0.21
7 0.475625 0.19166666666666668 0.125 0.295
0 0.59125 0.5008333333333334 0.2275 0.3
11 0.09375 0.9275 0.14125 0.12166666666666667
4 0.11125 0.36916666666666664 0.2225 0.265