0 0.63125 0.5116666666666667 0.26375 0.3433333333333333
11 0.069375 0.7675 0.13875 0.17833333333333334
10 0.208125 0.6258333333333334 0.41625 0.425
10 0.119375 0.5583333333333333 0.23875 0.38666666666666666
10 0.22875 0.1975 0.28125 0.32666666666666666
10 0.2425 0.06583333333333333 0.21 0.13166666666666665
7 0.4425 0.4675 0.39625 0.76
10 0.428125 0.1925 0.34375 0.28
10 0.084375 0.25666666666666665 0.165 0.4033333333333333
4 0.165 0.3308333333333333 0.32375 0.30666666666666664
10 0.825 0.7375 0.29 0.525
10 0.378125 0.8241666666666667 0.53125 0.3516666666666667
10 0.819375 0.455 0.20625 0.2683333333333333
10 0.5725 0.13083333333333333 0.11125 0.15166666666666667
10 0.0825 0.38916666666666666 0.165 0.35833333333333334