7 0.36125 0.7908333333333334 0.505 0.31833333333333336
10 0.365 0.8691666666666666 0.39875 0.20666666666666667
1 0.501875 0.20416666666666666 0.1325 0.18333333333333332
7 0.255 0.4866666666666667 0.3925 0.30666666666666664
7 0.625 0.505 0.3975 0.46
7 0.12375 0.1625 0.2075 0.19833333333333333
5 0.06125 0.6066666666666667 0.1225 0.5466666666666666
6 0.7875 0.5316666666666666 0.29 0.31666666666666665
0 0.595625 0.5 0.25 0.30833333333333335
7 0.36625 0.30666666666666664 0.34 0.11333333333333333
10 0.149375 0.3516666666666667 0.2125 0.2633333333333333
11 0.069375 0.8741666666666666 0.1375 0.10333333333333333
5 0.201875 0.7033333333333334 0.305 0.39666666666666667