11 0.878125 0.9358333333333333 0.16875 0.12833333333333333
10 0.93375 0.69 0.1325 0.4666666666666667
1 0.8425 0.6925 0.25875 0.57
1 0.871875 0.3425 0.235 0.3466666666666667
10 0.9225 0.32666666666666666 0.155 0.31666666666666665
10 0.605 0.8675 0.49 0.265
6 0.48 0.665 0.47875 0.49
6 0.60125 0.5891666666666666 0.50125 0.36833333333333335
6 0.6025 0.2925 0.3975 0.41
6 0.561875 0.18666666666666668 0.2825 0.32166666666666666
6 0.18875 0.4666666666666667 0.3775 0.4066666666666667
3 0.19 0.6091666666666666 0.3275 0.53