10 0.341875 0.6733333333333333 0.375 0.29333333333333333
4 0.491875 0.885 0.38875 0.23
10 0.595625 0.31916666666666665 0.30125 0.26666666666666666
10 0.688125 0.25333333333333335 0.33 0.19
10 0.87 0.19916666666666666 0.2225 0.15833333333333333
10 0.856875 0.42 0.28625 0.31
10 0.901875 0.29583333333333334 0.19625 0.18166666666666667
10 0.245625 0.42083333333333334 0.13 0.25666666666666665
0 0.435625 0.49833333333333335 0.23 0.275
11 0.921875 0.9233333333333333 0.12875 0.14666666666666667
5 0.71125 0.7958333333333333 0.46375 0.39666666666666667
5 0.8475 0.7208333333333333 0.30375 0.39666666666666667
5 0.93 0.6975 0.14 0.37333333333333335
7 0.6525 0.5166666666666667 0.49875 0.345
10 0.979375 0.515 0.04125 0.29