10 0.93375 0.545 0.1325 0.4633333333333333
1 0.848125 0.5808333333333333 0.2225 0.54
1 0.81875 0.23583333333333334 0.22 0.3333333333333333
10 0.863125 0.20166666666666666 0.16125 0.295
10 0.616875 0.8316666666666667 0.5025 0.3283333333333333
6 0.6025 0.615 0.47 0.4166666666666667
6 0.60875 0.47833333333333333 0.4575 0.3566666666666667
6 0.53875 0.26166666666666666 0.34 0.30666666666666664
6 0.483125 0.22083333333333333 0.275 0.37166666666666665
6 0.17125 0.6425 0.3425 0.3983333333333333
3 0.26125 0.7316666666666667 0.335 0.46166666666666667
11 0.919375 0.8166666666666667 0.16125 0.14666666666666667
0 0.36375 0.5241666666666667 0.2225 0.3