1 0.830625 0.33416666666666667 0.21625 0.34
1 0.904375 0.3983333333333333 0.19125 0.37333333333333335
1 0.650625 0.4025 0.38375 0.25666666666666665
1 0.5475 0.28 0.29375 0.23
1 0.551875 0.14166666666666666 0.15125 0.13333333333333333
1 0.346875 0.7625 0.45125 0.35
1 0.179375 0.5841666666666666 0.24625 0.49333333333333335
4 0.720625 0.7875 0.34875 0.425
10 0.936875 0.7075 0.12625 0.40166666666666667
10 0.245625 0.4275 0.14 0.28
0 0.39125 0.49166666666666664 0.23875 0.31166666666666665
11 0.88625 0.93 0.1625 0.14
1 0.64625 0.5358333333333334 0.38 0.4033333333333333
1 0.875 0.7066666666666667 0.25 0.44333333333333336
5 0.8225 0.675 0.29375 0.5833333333333334