11 0.919375 0.8458333333333333 0.16125 0.13166666666666665
10 0.91125 0.5983333333333334 0.1775 0.44
7 0.948125 0.4266666666666667 0.10375 0.42333333333333334
7 0.769375 0.17916666666666667 0.24 0.19
4 0.724375 0.29583333333333334 0.31125 0.14666666666666667
7 0.6425 0.6066666666666667 0.4875 0.445
7 0.70375 0.44333333333333336 0.34 0.30833333333333335
6 0.5875 0.375 0.3625 0.27
6 0.493125 0.25166666666666665 0.14125 0.42833333333333334
6 0.2575 0.7016666666666667 0.35125 0.37166666666666665
3 0.44625 0.7241666666666666 0.20125 0.45
3 0.2475 0.5616666666666666 0.235 0.2783333333333333
10 0.650625 0.2575 0.21375 0.15833333333333333