0 0.69875 0.44083333333333335 0.25125 0.32
1 0.51 0.8383333333333334 0.45 0.3233333333333333
1 0.39625 0.45666666666666667 0.3225 0.485
1 0.583125 0.2975 0.18 0.205
1 0.555 0.09666666666666666 0.12375 0.175
1 0.218125 0.285 0.17375 0.27166666666666667
1 0.1075 0.4375 0.1675 0.36
5 0.206875 0.72 0.18875 0.5433333333333333
2 0.111875 0.7766666666666666 0.16 0.37
11 0.15375 0.9258333333333333 0.2525 0.14833333333333334
10 0.860625 0.7758333333333334 0.27875 0.2783333333333333
10 0.063125 0.7041666666666667 0.12625 0.385