11 0.91125 0.8691666666666666 0.1775 0.09916666666666667
0 0.41375 0.5133333333333333 0.20375 0.2525
10 0.720625 0.38166666666666665 0.260625 0.24416666666666667
10 0.848125 0.29 0.18375 0.2825
4 0.65125 0.715 0.39125 0.48
10 0.724375 0.6933333333333334 0.2375 0.47333333333333333
10 0.2225 0.6325 0.20625 0.405
10 0.205 0.5133333333333333 0.14 0.315
1 0.31875 0.7625 0.4 0.3325
10 0.895 0.6366666666666667 0.10875 0.39166666666666666
1 0.92125 0.6166666666666667 0.156875 0.4166666666666667
10 0.579375 0.27166666666666667 0.20375 0.2275
7 0.53 0.35583333333333333 0.201875 0.3425