0 0.4325 0.4691666666666667 0.24875 0.3333333333333333
1 0.239375 0.5975 0.3325 0.48833333333333334
9 0.25625 0.43333333333333335 0.2625 0.37166666666666665
6 0.57125 0.6741666666666667 0.44875 0.5266666666666666
6 0.67875 0.4558333333333333 0.45 0.36
6 0.665 0.275 0.39625 0.35833333333333334
7 0.94375 0.3025 0.1125 0.37833333333333335
10 0.900625 0.40166666666666667 0.19875 0.38333333333333336
10 0.955 0.6725 0.09 0.38166666666666665
5 0.8475 0.8166666666666667 0.25375 0.3
10 0.88 0.745 0.2125 0.2783333333333333
11 0.8675 0.9533333333333334 0.145 0.09333333333333334
4 0.4125 0.7675 0.4175 0.39666666666666667
1 0.8275 0.35083333333333333 0.22125 0.24833333333333332