4 0.401875 0.5025 0.27875 0.40166666666666667
4 0.3575 0.3425 0.3475 0.325
1 0.171875 0.31083333333333335 0.225 0.24166666666666667
1 0.4225 0.8158333333333333 0.475 0.36833333333333335
10 0.218125 0.7933333333333333 0.355 0.33
10 0.164375 0.6466666666666666 0.32875 0.4533333333333333
10 0.073125 0.7475 0.14125 0.38
1 0.130625 0.4708333333333333 0.21125 0.36333333333333334
1 0.089375 0.485 0.17875 0.3466666666666667
10 0.76625 0.42583333333333334 0.2275 0.455
1 0.72625 0.6483333333333333 0.3875 0.42333333333333334
7 0.6725 0.6041666666666666 0.42375 0.37166666666666665
0 0.58375 0.4741666666666667 0.23375 0.28
11 0.145 0.9416666666666667 0.185 0.11666666666666667