11 0.911875 0.8608333333333333 0.175625 0.12333333333333334
10 0.94 0.615 0.119375 0.4083333333333333
1 0.838125 0.6325 0.185 0.48333333333333334
1 0.830625 0.31583333333333335 0.18375 0.28
10 0.88375 0.2925 0.1325 0.2633333333333333
10 0.645 0.8516666666666667 0.423125 0.20916666666666667
6 0.5125 0.6691666666666667 0.395625 0.37083333333333335
6 0.613125 0.5808333333333333 0.42875 0.25416666666666665
6 0.586875 0.31666666666666665 0.32875 0.31083333333333335
6 0.54 0.22833333333333333 0.230625 0.24916666666666668
6 0.23 0.5416666666666666 0.318125 0.31
3 0.248125 0.6675 0.25125 0.43416666666666665