4 0.791875 0.23 0.181875 0.2708333333333333
7 0.73375 0.33166666666666667 0.216875 0.5391666666666667
7 0.585 0.2866666666666667 0.161875 0.4816666666666667
10 0.505 0.16166666666666665 0.085625 0.0925
6 0.215 0.6508333333333334 0.365 0.39166666666666666
10 0.221875 0.49583333333333335 0.135 0.27166666666666667
10 0.789375 0.20916666666666667 0.22125 0.14416666666666667
5 0.958125 0.5933333333333334 0.08375 0.48
5 0.8825 0.6175 0.19 0.49916666666666665
7 0.6925 0.7766666666666666 0.393125 0.37583333333333335
7 0.38 0.81 0.386875 0.22666666666666666
6 0.563125 0.62 0.37375 0.3225
11 0.908125 0.8641666666666666 0.183125 0.11166666666666666
0 0.406875 0.5166666666666667 0.20125 0.2683333333333333