0 0.41625 0.5183333333333333 0.2075 0.265
11 0.91125 0.8591666666666666 0.1775 0.1225
8 0.766875 0.675 0.266875 0.44166666666666665
1 0.873125 0.30416666666666664 0.148125 0.23
4 0.841875 0.145 0.145625 0.19833333333333333
4 0.660625 0.25583333333333336 0.244375 0.21833333333333332
7 0.4725 0.19333333333333333 0.169375 0.26416666666666666
7 0.76375 0.36083333333333334 0.2425 0.25
4 0.874375 0.5708333333333333 0.24 0.30666666666666664
4 0.920625 0.5725 0.158125 0.3616666666666667
10 0.62625 0.83 0.428125 0.24166666666666667
6 0.2875 0.6316666666666667 0.184375 0.5166666666666667
1 0.189375 0.6483333333333333 0.11875 0.4575
7 0.6725 0.15083333333333335 0.28125 0.18166666666666667
10 0.949375 0.605 0.10125 0.4083333333333333