5 0.825 0.6866666666666666 0.286875 0.355
4 0.593125 0.7366666666666667 0.38125 0.3525
11 0.91 0.8625 0.18 0.11916666666666667
0 0.415 0.5166666666666667 0.21125 0.24666666666666667
1 0.565 0.3375 0.314375 0.245
10 0.52875 0.18 0.12125 0.12916666666666668
10 0.798125 0.20666666666666667 0.215 0.14083333333333334
1 0.85375 0.32083333333333336 0.21375 0.29333333333333333
10 0.690625 0.57 0.315 0.24833333333333332
10 0.895625 0.6416666666666667 0.1625 0.41
10 0.600625 0.8591666666666666 0.47125 0.19666666666666666
1 0.269375 0.445 0.13875 0.2975
7 0.225 0.6908333333333333 0.368125 0.3475
1 0.940625 0.6041666666666666 0.118125 0.4091666666666667
10 0.788125 0.4066666666666667 0.16 0.29833333333333334