7 0.42 0.5816666666666667 0.4875 0.5416666666666666
0 0.57125 0.5391666666666667 0.245 0.335
11 0.05 0.8616666666666667 0.1 0.15
2 0.09625 0.6491666666666667 0.1925 0.535
1 0.328125 0.8575 0.51375 0.285
4 0.178125 0.17 0.245 0.3383333333333333
4 0.061875 0.25166666666666665 0.11125 0.2633333333333333
4 0.73125 0.8125 0.35375 0.33666666666666667
7 0.3525 0.32416666666666666 0.34 0.415
10 0.51625 0.21166666666666667 0.25125 0.29
6 0.68 0.49916666666666665 0.12125 0.18666666666666668
10 0.770625 0.4816666666666667 0.10625 0.19666666666666666
10 0.149375 0.12416666666666666 0.18875 0.15
7 0.0375 0.5608333333333333 0.075 0.525