7 0.623125 0.7808333333333334 0.486875 0.30666666666666664
10 0.61875 0.8566666666666667 0.384375 0.19833333333333333
1 0.4875 0.21583333333333332 0.126875 0.1775
7 0.725 0.4875 0.37875 0.29583333333333334
7 0.36875 0.505 0.3825 0.4425
7 0.851875 0.175 0.200625 0.19166666666666668
5 0.92625 0.6033333333333334 0.146875 0.5266666666666666
6 0.211875 0.5308333333333334 0.27875 0.30583333333333335
0 0.396875 0.5 0.240625 0.2975
7 0.618125 0.31416666666666665 0.326875 0.10833333333333334
10 0.8275 0.3575 0.205 0.25416666666666665
11 0.91875 0.8608333333333333 0.161875 0.09833333333333333
5 0.77625 0.6958333333333333 0.29375 0.3825