7 0.051875 0.6875 0.10375 0.42833333333333334
7 0.68875 0.09666666666666666 0.1825 0.19333333333333333
5 0.826875 0.6008333333333333 0.185 0.5216666666666666
4 0.165 0.7041666666666667 0.26125 0.47833333333333333
1 0.396875 0.5075 0.2975 0.5166666666666667
1 0.546875 0.2075 0.315 0.245
10 0.8375 0.625 0.255 0.35833333333333334
10 0.635625 0.6941666666666667 0.34625 0.37833333333333335
10 0.315625 0.1725 0.125 0.16666666666666666
0 0.228125 0.455 0.24 0.32666666666666666
10 0.8 0.15833333333333333 0.125 0.25
11 0.859375 0.8308333333333333 0.28125 0.165