8 0.15375 0.6583333333333333 0.3075 0.55
10 0.08125 0.6441666666666667 0.1625 0.5083333333333333
8 0.03625 0.6116666666666667 0.0725 0.53
7 0.40625 0.185 0.25 0.37
7 0.423125 0.8566666666666667 0.5775 0.2866666666666667
4 0.4925 0.5366666666666666 0.42375 0.4583333333333333
4 0.100625 0.095 0.20125 0.15
1 0.0775 0.22166666666666668 0.155 0.2866666666666667
1 0.828125 0.5791666666666667 0.2725 0.575
10 0.356875 0.21916666666666668 0.36375 0.27
7 0.2775 0.085 0.31625 0.16
0 0.613125 0.44333333333333336 0.2525 0.33
11 0.078125 0.8975 0.13 0.13833333333333334