10 0.80875 0.6291666666666667 0.25625 0.545
10 0.18875 0.3541666666666667 0.2875 0.27666666666666667
10 0.07 0.4166666666666667 0.14 0.31666666666666665
1 0.4225 0.5716666666666667 0.4 0.49166666666666664
1 0.455 0.14666666666666667 0.13625 0.10833333333333334
1 0.17125 0.24 0.22375 0.15666666666666668
7 0.096875 0.6375 0.19375 0.3416666666666667
7 0.284375 0.8566666666666667 0.45875 0.2866666666666667
4 0.285625 0.5766666666666667 0.33875 0.42
11 0.116875 0.9333333333333333 0.17875 0.13333333333333333
0 0.604375 0.5066666666666667 0.23875 0.30666666666666664
1 0.785 0.3983333333333333 0.12375 0.21
1 0.46125 0.23916666666666667 0.23 0.14166666666666666
1 0.443125 0.36666666666666664 0.3125 0.23333333333333334
10 0.11125 0.725 0.2175 0.38