10 0.8475 0.33416666666666667 0.1375 0.36
10 0.935625 0.37333333333333335 0.12875 0.3233333333333333
1 0.810625 0.185 0.2225 0.16833333333333333
2 0.92375 0.6825 0.1525 0.435
6 0.566875 0.7558333333333334 0.39125 0.48833333333333334
6 0.21375 0.7758333333333334 0.42 0.4483333333333333
6 0.6425 0.5 0.4875 0.42
6 0.58875 0.265 0.29875 0.26666666666666666
1 0.69875 0.31333333333333335 0.23625 0.22833333333333333
6 0.2575 0.52 0.16625 0.19
0 0.39375 0.5983333333333334 0.24375 0.31166666666666665
11 0.9325 0.8975 0.135 0.12166666666666667
1 0.944375 0.5516666666666666 0.11125 0.23333333333333334