11 0.148125 0.9283333333333333 0.20625 0.14333333333333334
7 0.5475 0.5291666666666667 0.57375 0.39
0 0.663125 0.4033333333333333 0.27375 0.3333333333333333
7 0.864375 0.525 0.27125 0.6533333333333333
5 0.341875 0.775 0.48125 0.37833333333333335
7 0.113125 0.8508333333333333 0.17875 0.29833333333333334
7 0.2975 0.3258333333333333 0.50625 0.5633333333333334
10 0.414375 0.22 0.3875 0.2966666666666667
10 0.1525 0.2866666666666667 0.22625 0.3466666666666667
10 0.06875 0.555 0.1375 0.45
10 0.476875 0.8558333333333333 0.48375 0.28833333333333333
10 0.534375 0.09416666666666666 0.12 0.16333333333333333
10 0.5075 0.04583333333333333 0.1 0.09166666666666666
4 0.13125 0.1925 0.23 0.26666666666666666
10 0.881875 0.3441666666666667 0.21125 0.35333333333333333
3 0.43 0.4525 0.43375 0.36833333333333335