7 0.23625 0.7483333333333333 0.365 0.3425
6 0.605 0.615 0.336875 0.39916666666666667
6 0.259375 0.43416666666666665 0.213125 0.28583333333333333
7 0.605625 0.3225 0.34125 0.2683333333333333
6 0.55625 0.2733333333333333 0.2525 0.3125
6 0.4775 0.23166666666666666 0.110625 0.3625
7 0.804375 0.22666666666666666 0.14875 0.26
7 0.91625 0.355 0.1675 0.31
7 0.95125 0.7091666666666666 0.0975 0.37916666666666665
5 0.805625 0.6375 0.238125 0.49416666666666664
7 0.896875 0.5591666666666667 0.16875 0.465
11 0.925 0.8691666666666666 0.15 0.0725
0 0.421875 0.5225 0.16875 0.2525
7 0.916875 0.24416666666666667 0.115625 0.23083333333333333
4 0.26 0.6391666666666667 0.266875 0.20833333333333334