0 0.441875 0.525 0.26125 0.3333333333333333
11 0.95375 0.7391666666666666 0.0925 0.175
10 0.731875 0.19833333333333333 0.33875 0.27666666666666667
10 0.835 0.39416666666666667 0.2675 0.345
10 0.8075 0.08083333333333333 0.19 0.16166666666666665
10 0.900625 0.20583333333333334 0.16375 0.30833333333333335
2 0.9375 0.5625 0.125 0.415
10 0.96 0.475 0.08 0.4033333333333333
10 0.79875 0.6175 0.40125 0.4483333333333333
7 0.6425 0.7241666666666666 0.5925 0.5516666666666666
10 0.771875 0.725 0.395 0.35333333333333333
10 0.35625 0.7375 0.285 0.525
1 0.483125 0.275 0.225 0.24166666666666667
7 0.200625 0.7191666666666666 0.32375 0.5616666666666666
1 0.46 0.165 0.1575 0.19