10 0.82625 0.21333333333333335 0.16375 0.35
10 0.9125 0.23333333333333334 0.1525 0.315
1 0.775 0.09 0.2175 0.18
2 0.92125 0.5166666666666667 0.1575 0.42333333333333334
6 0.61625 0.6666666666666666 0.4075 0.5333333333333333
6 0.290625 0.7516666666666667 0.43875 0.49666666666666665
6 0.655625 0.4058333333333333 0.48125 0.4716666666666667
6 0.580625 0.2 0.2975 0.29833333333333334
1 0.686875 0.22416666666666665 0.23625 0.25166666666666665
6 0.303125 0.49916666666666665 0.16875 0.20333333333333334
0 0.4375 0.545 0.2525 0.32666666666666666
11 0.95 0.7258333333333333 0.1 0.16833333333333333
1 0.938125 0.395 0.12375 0.23333333333333334