0 0.573125 0.5533333333333333 0.24875 0.31666666666666665
11 0.06 0.805 0.12 0.16
4 0.264375 0.7533333333333333 0.3875 0.44333333333333336
8 0.1425 0.6233333333333333 0.225 0.5033333333333333
8 0.068125 0.6008333333333333 0.13625 0.4583333333333333
8 0.026875 0.5783333333333334 0.05375 0.4633333333333333
1 0.33625 0.4041666666666667 0.27 0.45
10 0.205 0.125 0.20875 0.16166666666666665
10 0.51875 0.17 0.11 0.16333333333333333
1 0.49 0.3375 0.24375 0.23333333333333334
10 0.773125 0.605 0.18375 0.41333333333333333
10 0.650625 0.8141666666666667 0.44125 0.37166666666666665
10 0.3 0.8466666666666667 0.4475 0.30666666666666664
1 0.08875 0.2966666666666667 0.1475 0.2783333333333333
1 0.180625 0.2733333333333333 0.1975 0.2783333333333333