6 0.430625 0.7183333333333334 0.224375 0.465
6 0.650625 0.4766666666666667 0.454375 0.21666666666666667
6 0.599375 0.2916666666666667 0.31125 0.27
6 0.4975 0.20916666666666667 0.259375 0.19
6 0.2475 0.675 0.326875 0.4008333333333333
10 0.889375 0.555 0.205 0.44333333333333336
10 0.870625 0.35083333333333333 0.195625 0.325
1 0.86125 0.275 0.18375 0.2633333333333333
10 0.640625 0.845 0.393125 0.23083333333333333
5 0.770625 0.7075 0.308125 0.3825
3 0.285625 0.4583333333333333 0.1475 0.22416666666666665
11 0.9175 0.86 0.165 0.11083333333333334
1 0.953125 0.6258333333333334 0.093125 0.4116666666666667