10 0.228125 0.4708333333333333 0.36375 0.3466666666666667
10 0.233125 0.8133333333333334 0.3675 0.325
10 0.07625 0.7341666666666666 0.15125 0.41333333333333333
10 0.135625 0.42583333333333334 0.18625 0.39
10 0.070625 0.4575 0.14125 0.3883333333333333
1 0.36 0.52 0.415 0.375
10 0.343125 0.30833333333333335 0.37125 0.22666666666666666
10 0.83 0.525 0.24375 0.5516666666666666
10 0.575 0.8358333333333333 0.535 0.3283333333333333
0 0.6275 0.5075 0.23625 0.31833333333333336
7 0.465625 0.36666666666666664 0.19 0.54
11 0.13125 0.9516666666666667 0.1825 0.09666666666666666
10 0.159375 0.23666666666666666 0.18375 0.155