1 0.71875 0.8433333333333334 0.3475 0.31333333333333335
1 0.1125 0.5666666666666667 0.18875 0.3566666666666667
1 0.19875 0.3225 0.19625 0.29833333333333334
10 0.229375 0.2 0.15125 0.235
10 0.35125 0.32666666666666666 0.275 0.23
5 0.245625 0.6641666666666667 0.295 0.45166666666666666
10 0.215625 0.6416666666666667 0.29375 0.32666666666666666
10 0.39125 0.8358333333333333 0.37875 0.29
7 0.666875 0.3466666666666667 0.09875 0.18333333333333332
0 0.683125 0.5475 0.23875 0.31333333333333335
11 0.11875 0.7708333333333334 0.2375 0.185