0 0.625625 0.4483333333333333 0.24375 0.31666666666666665
11 0.1225 0.8933333333333333 0.20375 0.16666666666666666
4 0.26125 0.8341666666666666 0.4375 0.33166666666666667
10 0.693125 0.7966666666666666 0.4725 0.315
6 0.79 0.58 0.41125 0.415
10 0.84625 0.4675 0.2125 0.35333333333333333
10 0.83875 0.29 0.08625 0.16666666666666666
7 0.510625 0.07 0.12125 0.14
10 0.0675 0.5283333333333333 0.135 0.36333333333333334
7 0.155625 0.6608333333333334 0.31125 0.395
7 0.109375 0.22916666666666666 0.21875 0.335
7 0.294375 0.08666666666666667 0.2925 0.16
7 0.358125 0.25083333333333335 0.3675 0.30666666666666664
10 0.37375 0.20166666666666666 0.34625 0.19666666666666666
10 0.17 0.3308333333333333 0.17375 0.365