0 0.411875 0.5216666666666666 0.20125 0.24
11 0.91 0.8766666666666667 0.18 0.09666666666666666
10 0.890625 0.6383333333333333 0.1425 0.39916666666666667
1 0.925 0.6116666666666667 0.149375 0.4
10 0.83875 0.29583333333333334 0.178125 0.29333333333333333
10 0.724375 0.7075 0.22 0.475
1 0.59125 0.6566666666666666 0.19375 0.5691666666666667
1 0.31125 0.7625 0.394375 0.33916666666666667
10 0.2225 0.625 0.2075 0.3875
10 0.2125 0.4816666666666667 0.15125 0.4091666666666667
4 0.49375 0.30833333333333335 0.120625 0.275
1 0.695625 0.35083333333333333 0.300625 0.23666666666666666
10 0.500625 0.13833333333333334 0.138125 0.14166666666666666