11 0.911875 0.8666666666666667 0.17625 0.1275
1 0.9 0.635 0.155625 0.4041666666666667
1 0.941875 0.6233333333333333 0.11625 0.3875
10 0.621875 0.31416666666666665 0.33625 0.22416666666666665
10 0.50125 0.5875 0.3175 0.42083333333333334
1 0.90625 0.30833333333333335 0.133125 0.2816666666666667
1 0.826875 0.29083333333333333 0.14875 0.3025
1 0.724375 0.6708333333333333 0.33875 0.3825
1 0.74375 0.39 0.278125 0.19583333333333333
3 0.284375 0.6175 0.359375 0.2841666666666667
10 0.224375 0.6591666666666667 0.200625 0.4275
0 0.41 0.5233333333333333 0.200625 0.25833333333333336
1 0.62125 0.82 0.436875 0.2783333333333333
1 0.228125 0.46416666666666667 0.129375 0.21333333333333335
10 0.498125 0.16166666666666665 0.13375 0.10833333333333334