11 0.879375 0.93 0.17625 0.14
0 0.411875 0.5066666666666667 0.235 0.3016666666666667
1 0.82 0.26416666666666666 0.19 0.19
1 0.73375 0.4608333333333333 0.31 0.4
1 0.26625 0.44333333333333336 0.2375 0.4116666666666667
10 0.26875 0.7775 0.3825 0.35
10 0.6 0.8616666666666667 0.455 0.27666666666666667
10 0.909375 0.7016666666666667 0.18125 0.41
10 0.926875 0.43583333333333335 0.14625 0.3416666666666667
1 0.558125 0.27 0.2125 0.18666666666666668
1 0.54875 0.1625 0.12125 0.11166666666666666
7 0.839375 0.4125 0.2225 0.3283333333333333
2 0.793125 0.7791666666666667 0.35625 0.39166666666666666
1 0.59625 0.5358333333333334 0.26375 0.485
10 0.278125 0.4266666666666667 0.11625 0.17666666666666667