10 0.234375 0.6575 0.203125 0.485
10 0.791875 0.32 0.25375 0.225
10 0.92625 0.36083333333333334 0.1475 0.28
1 0.59 0.5533333333333333 0.34375 0.415
1 0.528125 0.16166666666666665 0.121875 0.085
1 0.8 0.21083333333333334 0.20125 0.12
7 0.909375 0.5716666666666667 0.18125 0.2991666666666667
7 0.73875 0.8033333333333333 0.415625 0.21666666666666667
4 0.718125 0.54 0.291875 0.3541666666666667
11 0.91125 0.8616666666666667 0.176875 0.12416666666666666
0 0.415625 0.5158333333333334 0.205 0.26
1 0.239375 0.43833333333333335 0.1025 0.1825
1 0.529375 0.24833333333333332 0.208125 0.105
1 0.55625 0.3641666666666667 0.28 0.18083333333333335
10 0.90125 0.6558333333333334 0.1975 0.3333333333333333