0 0.41375 0.48333333333333334 0.2475 0.30666666666666664
10 0.63625 0.7333333333333333 0.405 0.49333333333333335
1 0.505625 0.8358333333333333 0.49125 0.3283333333333333
1 0.2125 0.5341666666666667 0.29125 0.5216666666666666
10 0.56625 0.17416666666666666 0.0975 0.12166666666666667
10 0.84 0.30833333333333335 0.21125 0.17833333333333334
10 0.669375 0.295 0.2925 0.23
10 0.805625 0.395 0.22875 0.2683333333333333
10 0.911875 0.6025 0.17625 0.4083333333333333
4 0.8625 0.8725 0.195 0.255
7 0.639375 0.47333333333333333 0.415 0.4216666666666667
1 0.34 0.7108333333333333 0.49875 0.4716666666666667
11 0.830625 0.95 0.19625 0.1
4 0.8475 0.6633333333333333 0.305 0.37333333333333335