11 0.829375 0.9525 0.19875 0.095
5 0.708125 0.76 0.39625 0.48
5 0.914375 0.7483333333333333 0.17125 0.5033333333333333
4 0.83875 0.695 0.2175 0.46166666666666667
10 0.859375 0.2891666666666667 0.1925 0.16833333333333333
10 0.651875 0.47333333333333333 0.26375 0.43833333333333335
10 0.3625 0.6366666666666667 0.4175 0.33666666666666667
10 0.2125 0.44166666666666665 0.2425 0.43666666666666665
1 0.255 0.7433333333333333 0.4575 0.435
1 0.560625 0.8258333333333333 0.43125 0.34833333333333333
1 0.871875 0.4841666666666667 0.21875 0.29833333333333334
1 0.828125 0.43833333333333335 0.22 0.3
1 0.56 0.24 0.13625 0.15
1 0.528125 0.33916666666666667 0.25 0.25166666666666665
0 0.405625 0.4691666666666667 0.24875 0.285