10 0.809375 0.23666666666666666 0.19375 0.19333333333333333
10 0.82125 0.3416666666666667 0.15625 0.29
5 0.939375 0.5908333333333333 0.1175 0.5416666666666666
5 0.84875 0.6125 0.14375 0.55
7 0.749375 0.645 0.195 0.5816666666666667
6 0.5125 0.73 0.440625 0.46166666666666667
7 0.55125 0.4216666666666667 0.205 0.42583333333333334
7 0.673125 0.2775 0.12125 0.35083333333333333
7 0.465625 0.16166666666666665 0.1125 0.17083333333333334
3 0.239375 0.6466666666666666 0.259375 0.3825
0 0.409375 0.515 0.213125 0.2575
10 0.214375 0.44 0.109375 0.25416666666666665
11 0.91 0.8733333333333333 0.179375 0.12166666666666667
10 0.27625 0.4658333333333333 0.11125 0.20916666666666667