10 0.233125 0.49 0.174375 0.39666666666666667
1 0.85625 0.37583333333333335 0.15 0.31333333333333335
1 0.919375 0.38916666666666666 0.14375 0.3225
10 0.94375 0.6416666666666667 0.111875 0.37666666666666665
10 0.820625 0.6891666666666667 0.314375 0.2625
1 0.641875 0.8125 0.436875 0.2833333333333333
1 0.30875 0.6875 0.365625 0.3616666666666667
7 0.376875 0.6908333333333333 0.450625 0.2833333333333333
6 0.543125 0.26166666666666666 0.235625 0.29833333333333334
4 0.579375 0.4633333333333333 0.205625 0.32416666666666666
4 0.799375 0.51 0.191875 0.3625
0 0.4125 0.51 0.200625 0.25166666666666665
11 0.910625 0.8691666666666666 0.17875 0.1225
1 0.81375 0.23 0.160625 0.18833333333333332