10 0.209375 0.765 0.41875 0.41
10 0.53875 0.8441666666666666 0.4975 0.31166666666666665
10 0.783125 0.8466666666666667 0.35125 0.30666666666666664
10 0.54625 0.5733333333333334 0.34625 0.555
10 0.710625 0.42 0.36625 0.31
1 0.7175 0.32916666666666666 0.41 0.3416666666666667
1 0.90875 0.46416666666666667 0.1825 0.37166666666666665
10 0.8375 0.2825 0.24 0.215
7 0.93875 0.7675 0.1225 0.465
10 0.784375 0.6191666666666666 0.35625 0.43333333333333335
4 0.82375 0.6708333333333333 0.3275 0.3616666666666667
0 0.356875 0.4708333333333333 0.27625 0.36833333333333335
10 0.14375 0.4066666666666667 0.2425 0.4633333333333333
9 0.261875 0.37166666666666665 0.1375 0.20666666666666667
11 0.82 0.9675 0.2025 0.065
10 0.505 0.18333333333333332 0.15125 0.22166666666666668