10 0.740625 0.22833333333333333 0.163125 0.12916666666666668
10 0.50125 0.2991666666666667 0.235625 0.21333333333333335
10 0.7875 0.35083333333333333 0.128125 0.17916666666666667
8 0.8125 0.7091666666666666 0.12125 0.3875
10 0.1275 0.6558333333333334 0.2025 0.3675
10 0.2375 0.7425 0.2675 0.37916666666666665
1 0.525 0.4891666666666667 0.228125 0.37333333333333335
1 0.68125 0.4675 0.18875 0.33666666666666667
1 0.619375 0.805 0.32875 0.2975
1 0.866875 0.6733333333333333 0.11 0.3175
0 0.311875 0.49833333333333335 0.203125 0.26
11 0.836875 0.8741666666666666 0.23125 0.1225