0 0.60875 0.5266666666666666 0.2475 0.2916666666666667
11 0.100625 0.9341666666666667 0.16375 0.13166666666666665
5 0.25 0.7475 0.39 0.505
5 0.055 0.6666666666666666 0.11 0.6533333333333333
6 0.38375 0.44333333333333336 0.3875 0.42333333333333334
6 0.535 0.7425 0.3975 0.515
7 0.4675 0.22916666666666666 0.2575 0.235
7 0.191875 0.525 0.315 0.3233333333333333
10 0.16125 0.25416666666666665 0.24625 0.22
10 0.17 0.3775 0.2075 0.3416666666666667
3 0.813125 0.6633333333333333 0.28375 0.4533333333333333
10 0.801875 0.5116666666666667 0.18125 0.26166666666666666
10 0.83375 0.43 0.11375 0.25833333333333336
7 0.51 0.09666666666666666 0.09625 0.13333333333333333