10 0.676875 0.8558333333333333 0.42875 0.28833333333333333
10 0.335 0.8241666666666667 0.4525 0.31666666666666665
10 0.144375 0.6825 0.28875 0.25833333333333336
10 0.40875 0.5441666666666667 0.28875 0.48833333333333334
10 0.30375 0.3358333333333333 0.33125 0.24333333333333335
1 0.320625 0.25416666666666665 0.3725 0.26666666666666666
1 0.1075 0.2791666666666667 0.17375 0.33
10 0.228125 0.15916666666666668 0.21625 0.17166666666666666
7 0.02625 0.5383333333333333 0.0525 0.44333333333333336
10 0.189375 0.47583333333333333 0.31 0.36666666666666664
4 0.143125 0.5033333333333333 0.28625 0.3
0 0.6 0.5383333333333333 0.2375 0.31666666666666665
10 0.800625 0.5766666666666667 0.195 0.415
9 0.706875 0.49416666666666664 0.115 0.18
11 0.07375 0.8133333333333334 0.1475 0.14666666666666667
10 0.541875 0.22083333333333333 0.1275 0.19166666666666668