0 0.59375 0.49916666666666665 0.24 0.3233333333333333
11 0.149375 0.945 0.19125 0.11
5 0.290625 0.8066666666666666 0.385 0.38333333333333336
5 0.135 0.7116666666666667 0.27 0.5766666666666667
5 0.075625 0.7258333333333333 0.15125 0.5483333333333333
7 0.27375 0.5416666666666666 0.37625 0.5266666666666666
7 0.515 0.5891666666666666 0.27375 0.685
6 0.773125 0.6083333333333333 0.4175 0.475
7 0.055 0.3975 0.11 0.335
10 0.14625 0.37833333333333335 0.24875 0.21
1 0.47625 0.21166666666666667 0.16 0.19333333333333333
10 0.3875 0.8308333333333333 0.415 0.3383333333333333
1 0.3225 0.42333333333333334 0.3325 0.3016666666666667