0 0.638125 0.555 0.2175 0.2916666666666667
11 0.0825 0.8758333333333334 0.165 0.15166666666666667
1 0.345625 0.8133333333333334 0.41125 0.37333333333333335
10 0.22 0.1625 0.2175 0.18
1 0.549375 0.16583333333333333 0.1375 0.155
7 0.396875 0.27416666666666667 0.36875 0.22333333333333333
6 0.448125 0.5058333333333334 0.4375 0.445
7 0.485625 0.3541666666666667 0.32375 0.19833333333333333
4 0.605 0.7483333333333333 0.4175 0.5033333333333333
10 0.72 0.7625 0.2975 0.475
1 0.8375 0.7033333333333334 0.25 0.5933333333333334
4 0.099375 0.4483333333333333 0.19875 0.37
1 0.156875 0.65 0.31375 0.4633333333333333
10 0.2375 0.7075 0.44 0.4083333333333333
5 0.02125 0.6158333333333333 0.0425 0.515