10 0.065 0.5475 0.13 0.44166666666666665
1 0.145 0.585 0.21625 0.515
1 0.1775 0.25833333333333336 0.2125 0.32
10 0.13625 0.22583333333333333 0.155 0.2816666666666667
10 0.361875 0.8266666666666667 0.4775 0.32166666666666666
6 0.378125 0.6216666666666667 0.44875 0.4033333333333333
6 0.37375 0.49166666666666664 0.43625 0.3466666666666667
6 0.4425 0.28833333333333333 0.325 0.29833333333333334
6 0.495625 0.25166666666666665 0.2625 0.3566666666666667
6 0.7925 0.6583333333333333 0.3425 0.385
3 0.699375 0.74 0.32125 0.44333333333333336
11 0.075 0.805 0.15 0.14333333333333334
0 0.604375 0.5416666666666666 0.21375 0.28833333333333333