11 0.040625 0.7691666666666667 0.08125 0.17166666666666666
0 0.5625 0.565 0.2725 0.3516666666666667
5 0.195 0.7708333333333334 0.39 0.38166666666666665
5 0.1125 0.5125 0.225 0.555
5 0.041875 0.49583333333333335 0.08375 0.46166666666666667
7 0.51875 0.775 0.605 0.45
7 0.7475 0.715 0.35 0.57
4 0.39 0.2841666666666667 0.33 0.345
4 0.246875 0.29333333333333333 0.3225 0.2816666666666667
4 0.294375 0.5366666666666666 0.48375 0.42
1 0.2275 0.1025 0.2375 0.19
1 0.166875 0.1975 0.22 0.355
1 0.091875 0.19416666666666665 0.14 0.275
1 0.535 0.2808333333333333 0.17375 0.23666666666666666