0 0.615625 0.5233333333333333 0.1875 0.26166666666666666
11 0.09375 0.9216666666666666 0.17 0.135
2 0.1975 0.7425 0.29375 0.405
5 0.119375 0.6675 0.23875 0.5316666666666666
5 0.0275 0.66 0.055 0.5133333333333333
6 0.416875 0.6708333333333333 0.42 0.41333333333333333
6 0.398125 0.37583333333333335 0.3525 0.3466666666666667
3 0.513125 0.7566666666666667 0.40125 0.4866666666666667
4 0.628125 0.8541666666666666 0.40125 0.2916666666666667
3 0.785 0.6825 0.28 0.42
10 0.80875 0.5125 0.21125 0.31833333333333336
1 0.143125 0.29583333333333334 0.1325 0.23666666666666666
10 0.0975 0.4141666666666667 0.09875 0.23833333333333334
7 0.52 0.1925 0.09625 0.23333333333333334