11 0.919375 0.86 0.16125 0.10833333333333334
10 0.8075 0.35833333333333334 0.25625 0.15916666666666668
7 0.6325 0.30916666666666665 0.333125 0.2375
6 0.635625 0.5291666666666667 0.385 0.28583333333333333
6 0.56 0.26916666666666667 0.25625 0.355
6 0.385625 0.6983333333333334 0.314375 0.47
6 0.23875 0.6583333333333333 0.32625 0.37916666666666665
6 0.2625 0.44 0.250625 0.2816666666666667
4 0.693125 0.8241666666666667 0.419375 0.26166666666666666
5 0.9675 0.6216666666666667 0.065 0.4633333333333333
7 0.52125 0.16 0.14875 0.15416666666666667
7 0.75875 0.5808333333333333 0.315 0.455
8 0.884375 0.6833333333333333 0.1175 0.4175