10 0.810625 0.3025 0.146875 0.24416666666666667
10 0.45375 0.34833333333333333 0.256875 0.1275
6 0.155625 0.5975 0.218125 0.33416666666666667
10 0.104375 0.6133333333333333 0.12125 0.395
11 0.836875 0.87 0.234375 0.12166666666666667
0 0.313125 0.49583333333333335 0.20375 0.25833333333333336
1 0.590625 0.5641666666666667 0.288125 0.295
1 0.545 0.8183333333333334 0.376875 0.25
1 0.789375 0.545 0.178125 0.315
2 0.901875 0.7241666666666666 0.100625 0.30416666666666664
5 0.815 0.7041666666666667 0.17625 0.41