1 0.168125 0.2733333333333333 0.20875 0.33666666666666667
1 0.086875 0.31916666666666665 0.17375 0.37166666666666665
1 0.34375 0.38666666666666666 0.39125 0.23333333333333334
1 0.465625 0.2866666666666667 0.2975 0.21333333333333335
1 0.48 0.14333333333333334 0.1525 0.12666666666666668
1 0.60625 0.8291666666666667 0.45625 0.325
1 0.801875 0.6866666666666666 0.2325 0.49666666666666665
4 0.2175 0.7741666666666667 0.34375 0.435
10 0.031875 0.63 0.06375 0.41
10 0.755625 0.5091666666666667 0.1325 0.2816666666666667
0 0.5975 0.54 0.235 0.305
11 0.055625 0.8741666666666666 0.11125 0.13166666666666665
1 0.33 0.5241666666666667 0.37875 0.3883333333333333
1 0.095 0.6458333333333334 0.19 0.44166666666666665
5 0.134375 0.6241666666666666 0.26875 0.5883333333333334