4 0.9225 0.775 0.155 0.2575
4 0.869375 0.5658333333333333 0.260625 0.2
7 0.63125 0.3975 0.37125 0.38916666666666666
10 0.776875 0.30333333333333334 0.195 0.2175
10 0.785625 0.20083333333333334 0.205625 0.1225
10 0.633125 0.25416666666666665 0.2725 0.15666666666666668
10 0.9275 0.46166666666666667 0.1375 0.38333333333333336
10 0.675625 0.6875 0.336875 0.4083333333333333
1 0.224375 0.6258333333333334 0.203125 0.4708333333333333
1 0.384375 0.7566666666666667 0.4425 0.335
0 0.413125 0.51 0.204375 0.24583333333333332
10 0.503125 0.16 0.094375 0.09666666666666666
11 0.91125 0.8633333333333333 0.1775 0.125
10 0.58125 0.8441666666666666 0.475 0.22666666666666666