11 0.910625 0.8591666666666666 0.17875 0.11833333333333333
0 0.414375 0.5283333333333333 0.20375 0.25
10 0.634375 0.7841666666666667 0.42125 0.2925
10 0.806875 0.18666666666666668 0.18625 0.10083333333333333
10 0.526875 0.15833333333333333 0.114375 0.09666666666666666
10 0.53 0.36 0.10875 0.3333333333333333
10 0.328125 0.7033333333333334 0.254375 0.4741666666666667
1 0.2225 0.6141666666666666 0.180625 0.5325
4 0.799375 0.2808333333333333 0.195625 0.14833333333333334
4 0.693125 0.3641666666666667 0.2275 0.4091666666666667
7 0.685 0.5558333333333333 0.3075 0.5083333333333333
5 0.886875 0.6475 0.17 0.4875
10 0.955 0.6066666666666667 0.09 0.42
7 0.874375 0.3383333333333333 0.18625 0.21083333333333334
6 0.481875 0.3525 0.109375 0.28833333333333333