0 0.42125 0.5158333333333334 0.225 0.2833333333333333
11 0.9275 0.8283333333333334 0.145 0.11333333333333333
7 0.660625 0.7716666666666666 0.52625 0.38666666666666666
5 0.776875 0.7116666666666667 0.39375 0.325
5 0.92375 0.6091666666666666 0.1525 0.455
4 0.7575 0.33166666666666667 0.28625 0.22333333333333333
7 0.325 0.85 0.39375 0.27666666666666667
10 0.7025 0.5716666666666667 0.3925 0.205
10 0.62625 0.3233333333333333 0.31625 0.28833333333333333
1 0.85 0.3125 0.165 0.38166666666666665
1 0.923125 0.30833333333333335 0.13125 0.3016666666666667
1 0.8 0.1775 0.20375 0.15833333333333333
4 0.491875 0.115 0.1075 0.11333333333333333
1 0.493125 0.235 0.1475 0.15166666666666667
1 0.238125 0.5158333333333334 0.18125 0.285
7 0.984375 0.4666666666666667 0.03125 0.23666666666666666