0 0.625625 0.5108333333333334 0.25625 0.31166666666666665
10 0.324375 0.6341666666666667 0.41875 0.5016666666666667
1 0.413125 0.8283333333333334 0.52625 0.3433333333333333
1 0.810625 0.675 0.2875 0.55
10 0.5725 0.115 0.10125 0.12333333333333334
10 0.255625 0.09416666666666666 0.225 0.17166666666666666
10 0.430625 0.1775 0.31125 0.21833333333333332
10 0.2625 0.2 0.2375 0.27
10 0.0875 0.3408333333333333 0.175 0.43166666666666664
4 0.0725 0.6683333333333333 0.145 0.30666666666666664
7 0.40375 0.3725 0.43625 0.41833333333333333
1 0.626875 0.7741666666666667 0.52625 0.45166666666666666
11 0.075 0.7816666666666666 0.15 0.17333333333333334
4 0.14625 0.445 0.2925 0.37666666666666665