11 0.908125 0.8625 0.18375 0.12166666666666667
0 0.4125 0.5133333333333333 0.20875 0.265
5 0.731875 0.8241666666666667 0.37875 0.2525
5 0.868125 0.61 0.215 0.4658333333333333
5 0.94375 0.615 0.1125 0.4216666666666667
7 0.415 0.7225 0.52375 0.27166666666666667
7 0.220625 0.595 0.24625 0.46416666666666667
4 0.614375 0.31333333333333335 0.26875 0.23916666666666667
4 0.740625 0.3641666666666667 0.27375 0.17666666666666667
4 0.6575 0.5675 0.410625 0.26166666666666666
1 0.789375 0.19916666666666666 0.205 0.1125
1 0.828125 0.3025 0.155 0.28583333333333333
1 0.906875 0.3225 0.11125 0.23166666666666666
1 0.485 0.2675 0.13125 0.18166666666666667
7 0.97625 0.4483333333333333 0.0475 0.15333333333333332