10 0.761875 0.4033333333333333 0.24625 0.45
1 0.124375 0.495 0.20625 0.36
1 0.0825 0.5275 0.165 0.365
10 0.091875 0.7858333333333334 0.17 0.4066666666666667
10 0.216875 0.7941666666666667 0.36 0.36333333333333334
1 0.4175 0.8225 0.485 0.355
1 0.724375 0.6241666666666666 0.42875 0.47833333333333333
7 0.656875 0.65 0.49875 0.42833333333333334
6 0.413125 0.2791666666666667 0.28875 0.37333333333333335
4 0.414375 0.49083333333333334 0.26375 0.3883333333333333
4 0.205625 0.61 0.2575 0.4216666666666667
0 0.588125 0.4816666666666667 0.24625 0.31666666666666665
11 0.16625 0.9558333333333333 0.19 0.08833333333333333
1 0.139375 0.3375 0.19375 0.23833333333333334