11 0.126875 0.93 0.18125 0.14
0 0.584375 0.5041666666666667 0.2375 0.2966666666666667
1 0.410625 0.8258333333333333 0.46375 0.34833333333333333
1 0.27 0.7083333333333334 0.36125 0.44333333333333336
1 0.075 0.38666666666666666 0.15 0.31333333333333335
1 0.144375 0.35333333333333333 0.17875 0.33166666666666667
1 0.2375 0.44 0.30375 0.25
10 0.346875 0.33416666666666667 0.35 0.2866666666666667
1 0.108125 0.71 0.21125 0.44666666666666666
1 0.06875 0.6991666666666667 0.1375 0.40166666666666667
10 0.47375 0.5416666666666666 0.30375 0.36
7 0.60875 0.7183333333333334 0.565 0.45
4 0.79625 0.5808333333333333 0.24 0.49333333333333335
10 0.4475 0.16333333333333333 0.11375 0.12666666666666668
1 0.76125 0.485 0.2075 0.38666666666666666