0 0.431875 0.5983333333333334 0.2475 0.30833333333333335
11 0.95875 0.9125 0.0825 0.09833333333333333
10 0.57375 0.89 0.585 0.22
10 0.22 0.49916666666666665 0.11625 0.21666666666666667
1 0.614375 0.4175 0.3975 0.2966666666666667
10 0.70875 0.275 0.365 0.22166666666666668
10 0.86875 0.16166666666666665 0.2075 0.13
1 0.963125 0.3525 0.07375 0.3383333333333333
1 0.908125 0.36083333333333334 0.18375 0.385
1 0.98 0.6725 0.04 0.46166666666666667
1 0.831875 0.7875 0.33625 0.39166666666666666
4 0.27 0.8316666666666667 0.3725 0.33666666666666667
7 0.863125 0.6341666666666667 0.27375 0.685
1 0.825 0.5583333333333333 0.35 0.45666666666666667
1 0.504375 0.24 0.14875 0.26