10 0.068125 0.45416666666666666 0.13625 0.4816666666666667
10 0.134375 0.1975 0.15 0.21166666666666667
10 0.7975 0.18 0.20375 0.215
10 0.865 0.38416666666666666 0.205 0.3466666666666667
10 0.4325 0.043333333333333335 0.1425 0.08666666666666667
11 0.75625 0.9266666666666666 0.2875 0.14666666666666667
0 0.253125 0.3358333333333333 0.28625 0.37833333333333335
1 0.19 0.6258333333333334 0.38 0.515
1 0.763125 0.5216666666666666 0.32375 0.36666666666666664
4 0.6925 0.8183333333333334 0.35 0.36333333333333334
1 0.70125 0.7416666666666667 0.38625 0.38333333333333336
7 0.648125 0.25416666666666665 0.25375 0.31166666666666665