11 0.914375 0.8616666666666667 0.170625 0.12166666666666667
0 0.4125 0.52 0.20625 0.26416666666666666
6 0.63 0.43583333333333335 0.408125 0.2866666666666667
7 0.603125 0.30083333333333334 0.32625 0.20583333333333334
6 0.254375 0.6341666666666667 0.391875 0.3591666666666667
7 0.710625 0.6675 0.356875 0.5066666666666667
10 0.393125 0.8341666666666666 0.434375 0.24416666666666667
10 0.60875 0.7675 0.395625 0.36333333333333334
10 0.853125 0.7566666666666667 0.29375 0.22
10 0.949375 0.5108333333333334 0.10125 0.3958333333333333
10 0.88 0.4658333333333333 0.115625 0.405
7 0.76875 0.2575 0.2625 0.205
10 0.225625 0.4866666666666667 0.154375 0.35583333333333333
7 0.470625 0.16333333333333333 0.07375 0.17083333333333334