11 0.93125 0.8266666666666667 0.1375 0.15333333333333332
10 0.913125 0.5758333333333333 0.17375 0.455
4 0.898125 0.20583333333333334 0.14625 0.31
4 0.810625 0.16666666666666666 0.1275 0.245
10 0.644375 0.21666666666666667 0.315 0.20333333333333334
10 0.771875 0.31916666666666665 0.32125 0.255
4 0.611875 0.7275 0.35875 0.545
3 0.44125 0.735 0.275 0.495
3 0.54125 0.4625 0.31625 0.4083333333333333
6 0.45375 0.2525 0.16375 0.47833333333333333
6 0.228125 0.7208333333333333 0.38375 0.4633333333333333
3 0.206875 0.6008333333333333 0.30125 0.31
7 0.95625 0.4141666666666667 0.0875 0.3883333333333333
6 0.231875 0.4175 0.20875 0.24833333333333332