11 0.84 0.9341666666666667 0.2075 0.13166666666666665
0 0.3625 0.4508333333333333 0.26375 0.3333333333333333
10 0.55625 0.7858333333333334 0.505 0.42833333333333334
10 0.845625 0.20166666666666666 0.21875 0.165
10 0.548125 0.085 0.14 0.14
10 0.51625 0.30416666666666664 0.175 0.3933333333333333
10 0.24 0.6133333333333333 0.35625 0.59
1 0.141875 0.48333333333333334 0.28375 0.63
4 0.82125 0.3016666666666667 0.2375 0.22
4 0.6925 0.35833333333333334 0.31625 0.5116666666666667
7 0.65125 0.5633333333333334 0.42 0.6433333333333333
5 0.85375 0.7166666666666667 0.2675 0.5666666666666667
10 0.92375 0.7 0.1525 0.48
7 0.886875 0.3858333333333333 0.22625 0.285
6 0.465625 0.2816666666666667 0.16875 0.345