7 0.265625 0.43916666666666665 0.41875 0.4033333333333333
7 0.2725 0.20583333333333334 0.375 0.24333333333333335
5 0.1375 0.71 0.275 0.5566666666666666
5 0.05875 0.675 0.1175 0.53
10 0.78875 0.6491666666666667 0.21875 0.5583333333333333
10 0.509375 0.7225 0.50375 0.29
10 0.33375 0.9158333333333334 0.5225 0.16833333333333333
10 0.0875 0.1825 0.175 0.155
4 0.030625 0.3 0.06125 0.22
4 0.035625 0.4866666666666667 0.07125 0.26666666666666666
11 0.058125 0.9425 0.08625 0.115
0 0.543125 0.5141666666666667 0.2475 0.3016666666666667
10 0.40375 0.11416666666666667 0.13375 0.145