10 0.54125 0.8616666666666667 0.3925 0.18666666666666668
10 0.756875 0.7725 0.27875 0.19166666666666668
10 0.74375 0.21666666666666667 0.16 0.10833333333333334
11 0.83625 0.8733333333333333 0.231875 0.12166666666666667
0 0.319375 0.4975 0.19125 0.25666666666666665
1 0.659375 0.43916666666666665 0.174375 0.33666666666666667
1 0.79625 0.3575 0.151875 0.23333333333333334
1 0.854375 0.7008333333333333 0.200625 0.265
6 0.15125 0.4816666666666667 0.21375 0.25
7 0.840625 0.53 0.1825 0.22166666666666668
7 0.40375 0.23916666666666667 0.109375 0.18916666666666668