6 0.534375 0.6683333333333333 0.424375 0.32916666666666666
6 0.6425 0.41833333333333333 0.4525 0.2425
6 0.60875 0.2791666666666667 0.360625 0.27166666666666667
7 0.84625 0.1925 0.171875 0.25833333333333336
1 0.853125 0.31833333333333336 0.17625 0.29
10 0.95375 0.555 0.0925 0.3408333333333333
10 0.91125 0.6866666666666666 0.1775 0.2816666666666667
7 0.750625 0.69 0.27375 0.49416666666666664
10 0.555 0.8383333333333334 0.45 0.235
10 0.21875 0.5058333333333334 0.168125 0.415
0 0.414375 0.5025 0.213125 0.23416666666666666
11 0.91125 0.8633333333333333 0.1775 0.12
9 0.2625 0.7208333333333333 0.28875 0.33416666666666667