10 0.0975 0.6058333333333333 0.14625 0.34
10 0.27625 0.19416666666666665 0.16875 0.145
10 0.605625 0.17666666666666667 0.1125 0.14666666666666667
10 0.55 0.36666666666666664 0.27125 0.2633333333333333
10 0.805625 0.7483333333333333 0.17 0.41333333333333333
11 0.125625 0.815 0.2425 0.15833333333333333
0 0.685625 0.5175 0.225 0.2833333333333333
1 0.371875 0.7841666666666667 0.36875 0.35
1 0.23 0.6433333333333333 0.2725 0.36666666666666664
1 0.218125 0.33166666666666667 0.23125 0.3
4 0.640625 0.75 0.245 0.4266666666666667