4 0.82875 0.17416666666666666 0.2075 0.27
7 0.598125 0.41833333333333333 0.3625 0.5033333333333333
4 0.51125 0.2833333333333333 0.2975 0.27
4 0.24125 0.6925 0.275 0.47
1 0.63375 0.7825 0.475 0.3933333333333333
5 0.838125 0.6841666666666667 0.32375 0.3383333333333333
5 0.93 0.5275 0.14 0.5883333333333334
7 0.716875 0.25416666666666665 0.34875 0.37
7 0.28 0.5058333333333334 0.17 0.4216666666666667
7 0.169375 0.5058333333333334 0.11625 0.44
0 0.419375 0.5291666666666667 0.22875 0.29833333333333334
11 0.91875 0.8183333333333334 0.1625 0.14
10 0.478125 0.16083333333333333 0.125 0.12
4 0.818125 0.14166666666666666 0.1525 0.17833333333333334