10 0.630625 0.7908333333333334 0.2875 0.3516666666666667
10 0.8475 0.7208333333333333 0.113125 0.4191666666666667
7 0.41 0.21583333333333332 0.195625 0.25833333333333336
10 0.3825 0.1425 0.098125 0.285
10 0.308125 0.7408333333333333 0.31375 0.5183333333333333
11 0.81875 0.9466666666666667 0.248125 0.10666666666666667
7 0.809375 0.5491666666666667 0.124375 0.5766666666666667
7 0.10375 0.6266666666666667 0.18375 0.635
7 0.07875 0.29083333333333333 0.1175 0.31
4 0.65875 0.42583333333333334 0.196875 0.36083333333333334
0 0.279375 0.49083333333333334 0.20125 0.33666666666666667