6 0.5175 0.675 0.50375 0.42833333333333334
6 0.62125 0.38 0.52875 0.3333333333333333
6 0.5725 0.22666666666666666 0.42625 0.355
7 0.83375 0.12666666666666668 0.2125 0.25333333333333335
1 0.851875 0.23833333333333334 0.22125 0.35
10 0.958125 0.4925 0.08375 0.39166666666666666
10 0.916875 0.6483333333333333 0.16625 0.33666666666666667
7 0.76375 0.6716666666666666 0.345 0.595
10 0.5525 0.8508333333333333 0.525 0.29833333333333334
10 0.149375 0.5341666666666667 0.22 0.49
0 0.37 0.5041666666666667 0.25875 0.2916666666666667
11 0.92625 0.8458333333333333 0.1475 0.155
9 0.215 0.7708333333333334 0.35 0.415