10 0.146875 0.19166666666666668 0.215 0.22
10 0.1375 0.30583333333333335 0.1775 0.32166666666666666
5 0.04375 0.58 0.0875 0.59
5 0.114375 0.6016666666666667 0.17125 0.6033333333333334
7 0.223125 0.6316666666666667 0.22875 0.64
6 0.4825 0.7116666666666667 0.49125 0.5233333333333333
7 0.4325 0.37916666666666665 0.235 0.47333333333333333
7 0.295 0.22916666666666666 0.14125 0.38666666666666666
7 0.516875 0.09416666666666666 0.12625 0.18833333333333332
3 0.776875 0.6083333333333333 0.2925 0.42833333333333334
0 0.58875 0.47333333333333333 0.2375 0.29
10 0.796875 0.3825 0.12625 0.2816666666666667
11 0.081875 0.885 0.14625 0.13833333333333334
10 0.731875 0.41333333333333333 0.12625 0.23333333333333334