0 0.586875 0.4825 0.2475 0.325
11 0.064375 0.9 0.12125 0.16666666666666666
10 0.339375 0.8908333333333334 0.52125 0.21833333333333332
10 0.78 0.44083333333333335 0.165 0.40166666666666667
10 0.3975 0.3383333333333333 0.34 0.29333333333333333
10 0.123125 0.12333333333333334 0.2325 0.14166666666666666
10 0.140625 0.23833333333333334 0.28125 0.19333333333333333
10 0.07875 0.30333333333333334 0.1575 0.18666666666666668
2 0.054375 0.6933333333333334 0.10875 0.42833333333333334
5 0.185625 0.7108333333333333 0.37125 0.44166666666666665
7 0.7625 0.775 0.475 0.3466666666666667
4 0.16875 0.45916666666666667 0.3375 0.2783333333333333
6 0.416875 0.235 0.27375 0.44166666666666665