7 0.69625 0.5416666666666666 0.4925 0.37166666666666665
7 0.0775 0.25416666666666665 0.1525 0.43166666666666664
10 0.103125 0.5833333333333334 0.20625 0.41333333333333333
7 0.025625 0.45166666666666666 0.05125 0.3433333333333333
4 0.45 0.8083333333333333 0.46 0.325
4 0.735625 0.8008333333333333 0.29875 0.245
10 0.28125 0.3025 0.3 0.305
10 0.46875 0.2625 0.1725 0.37666666666666665
0 0.57 0.49333333333333335 0.2325 0.2833333333333333
11 0.06 0.8066666666666666 0.12 0.13666666666666666
10 0.163125 0.6158333333333333 0.32625 0.365
1 0.175625 0.1275 0.1775 0.16
10 0.766875 0.5083333333333333 0.19125 0.40166666666666667
5 0.21125 0.6625 0.3975 0.445