1 0.92625 0.5241666666666667 0.099375 0.375
1 0.848125 0.3725 0.175 0.3475
10 0.798125 0.19916666666666666 0.193125 0.11833333333333333
7 0.62125 0.2275 0.2975 0.24333333333333335
10 0.496875 0.15333333333333332 0.08875 0.13083333333333333
10 0.27375 0.7966666666666666 0.32625 0.22083333333333333
0 0.41 0.5191666666666667 0.2075 0.26166666666666666
6 0.248125 0.605 0.229375 0.39916666666666667
4 0.5025 0.69 0.2225 0.5258333333333334
4 0.75125 0.3275 0.190625 0.21916666666666668
7 0.74 0.6508333333333334 0.289375 0.5766666666666667
8 0.813125 0.6983333333333334 0.231875 0.37833333333333335
11 0.91375 0.8616666666666667 0.1725 0.12416666666666666
7 0.954375 0.6258333333333334 0.09125 0.42333333333333334
7 0.46875 0.33416666666666667 0.09375 0.13416666666666666