0 0.593125 0.5225 0.2 0.25
11 0.095 0.8741666666666666 0.18125 0.12166666666666667
1 0.223125 0.6291666666666667 0.28375 0.44333333333333336
6 0.444375 0.2758333333333333 0.24625 0.34
10 0.495 0.16 0.1075 0.11333333333333333
10 0.216875 0.315 0.1275 0.32
10 0.706875 0.77 0.38125 0.27166666666666667
10 0.3925 0.8633333333333333 0.46375 0.20333333333333334
6 0.40375 0.6225 0.45875 0.395
6 0.39125 0.37166666666666665 0.3475 0.275
6 0.799375 0.5533333333333333 0.32 0.38666666666666666
5 0.09 0.6325 0.18 0.4583333333333333
7 0.07625 0.47833333333333333 0.1525 0.2966666666666667
1 0.09375 0.3225 0.16 0.23833333333333334