11 0.08875 0.905 0.1775 0.13
10 0.139375 0.3225 0.095 0.19666666666666666
10 0.8925 0.5775 0.215 0.3883333333333333
4 0.655625 0.88 0.49625 0.24
6 0.4625 0.365 0.435 0.335
6 0.566875 0.26916666666666667 0.27375 0.37333333333333335
6 0.46 0.7291666666666666 0.545 0.5416666666666666
4 0.570625 0.7741666666666667 0.45625 0.45166666666666666
4 0.2625 0.7533333333333333 0.2575 0.47
5 0.1525 0.6375 0.285 0.61
5 0.085625 0.63 0.17125 0.5433333333333333
4 0.22125 0.19916666666666666 0.18125 0.21833333333333332
0 0.6775 0.5808333333333333 0.2575 0.31833333333333336
3 0.8525 0.7516666666666667 0.2925 0.4766666666666667
10 0.0525 0.4608333333333333 0.105 0.21833333333333332