1 0.86375 0.3 0.2125 0.31
0 0.45625 0.4741666666666667 0.24 0.2866666666666667
5 0.8425 0.6991666666666667 0.315 0.43833333333333335
5 0.7275 0.8733333333333333 0.545 0.22666666666666666
6 0.595 0.18916666666666668 0.2825 0.365
10 0.3825 0.6241666666666666 0.4475 0.36333333333333334
10 0.245 0.4216666666666667 0.1675 0.31
1 0.730625 0.33166666666666667 0.22625 0.39666666666666667
10 0.978125 0.245 0.04375 0.31666666666666665
4 0.88875 0.11833333333333333 0.18 0.23166666666666666
10 0.981875 0.6033333333333334 0.03625 0.49
11 0.974375 0.8783333333333333 0.05125 0.12
4 0.7725 0.5466666666666666 0.455 0.3466666666666667