0 0.446875 0.5508333333333333 0.25 0.31833333333333336
11 0.908125 0.97 0.10625 0.06
10 0.636875 0.8975 0.51375 0.205
10 0.20125 0.68 0.25 0.5633333333333334
7 0.2225 0.6108333333333333 0.2725 0.53
6 0.6625 0.6816666666666666 0.44625 0.545
7 0.645625 0.37 0.32375 0.345
7 0.7925 0.335 0.3775 0.3333333333333333
7 0.703125 0.15 0.3 0.25833333333333336
7 0.894375 0.3 0.21125 0.31333333333333335
5 0.881875 0.7616666666666667 0.23375 0.4766666666666667
8 0.87625 0.735 0.2475 0.53
10 0.955625 0.6675 0.08875 0.415