1 0.385625 0.32416666666666666 0.12875 0.1575
1 0.69125 0.45916666666666667 0.17 0.3275
1 0.86125 0.6525 0.13375 0.36916666666666664
1 0.698125 0.7616666666666667 0.309375 0.3308333333333333
0 0.315 0.49583333333333335 0.199375 0.26416666666666666
11 0.83625 0.8725 0.2325 0.12416666666666666
10 0.1 0.5683333333333334 0.113125 0.3725
10 0.820625 0.4775 0.111875 0.25583333333333336
8 0.69875 0.7508333333333334 0.21375 0.35083333333333333
6 0.909375 0.6916666666666667 0.14 0.37166666666666665
10 0.2675 0.8316666666666667 0.32625 0.18833333333333332