6 0.49875 0.7116666666666667 0.22 0.515
6 0.318125 0.6783333333333333 0.245 0.5208333333333334
6 0.605 0.3591666666666667 0.34125 0.32916666666666666
6 0.480625 0.3075 0.100625 0.3125
7 0.896875 0.4033333333333333 0.14875 0.4033333333333333
5 0.876875 0.6158333333333333 0.21125 0.49666666666666665
5 0.79125 0.6483333333333333 0.250625 0.4583333333333333
7 0.981875 0.6016666666666667 0.03625 0.3925
5 0.983125 0.6241666666666666 0.033125 0.43583333333333335
4 0.704375 0.7791666666666667 0.34875 0.32916666666666666
7 0.854375 0.19833333333333333 0.22625 0.2325
7 0.71875 0.15083333333333335 0.26 0.25166666666666665
10 0.236875 0.45 0.11125 0.2825
0 0.419375 0.5208333333333334 0.22 0.24833333333333332
11 0.9125 0.8641666666666666 0.174375 0.1225
10 0.500625 0.19583333333333333 0.1075 0.11666666666666667