10 0.685625 0.77 0.3975 0.38
11 0.87 0.7433333333333333 0.26 0.22666666666666666
5 0.855625 0.5208333333333334 0.285 0.5183333333333333
5 0.920625 0.47833333333333333 0.15875 0.4633333333333333
7 0.225625 0.7866666666666666 0.41125 0.4266666666666667
7 0.6575 0.17416666666666666 0.315 0.34833333333333333
6 0.0775 0.495 0.155 0.4066666666666667
6 0.385 0.5391666666666667 0.4925 0.4266666666666667
6 0.3675 0.31916666666666665 0.3875 0.3616666666666667
7 0.255625 0.20166666666666666 0.24125 0.32
0 0.191875 0.5183333333333333 0.2725 0.36833333333333335