11 0.106875 0.95 0.13375 0.1
0 0.575 0.51 0.22125 0.3
1 0.105 0.29583333333333334 0.21 0.23833333333333334
5 0.115 0.7125 0.23 0.575
5 0.054375 0.6958333333333333 0.10875 0.6083333333333333
6 0.36 0.6608333333333334 0.48875 0.4066666666666667
6 0.35125 0.38 0.38 0.36833333333333335
6 0.4775 0.7283333333333334 0.505 0.5433333333333333
7 0.375625 0.255 0.29 0.26666666666666666
7 0.45 0.11166666666666666 0.15125 0.14833333333333334
4 0.7775 0.6391666666666667 0.2925 0.4583333333333333
10 0.774375 0.42333333333333334 0.1375 0.235
10 0.709375 0.46 0.13125 0.22166666666666668
10 0.13875 0.44583333333333336 0.23875 0.36833333333333335