10 0.391875 0.6766666666666666 0.418125 0.29
1 0.454375 0.8133333333333334 0.439375 0.26666666666666666
10 0.506875 0.25666666666666665 0.129375 0.30083333333333334
7 0.65 0.49083333333333334 0.250625 0.435
4 0.785 0.3416666666666667 0.1825 0.4375
10 0.849375 0.345 0.12 0.31416666666666665
10 0.9125 0.3725 0.094375 0.305
10 0.780625 0.19083333333333333 0.238125 0.11166666666666666
5 0.93625 0.6141666666666666 0.1275 0.4716666666666667
7 0.79125 0.7058333333333333 0.30375 0.4608333333333333
0 0.41375 0.5075 0.205 0.245
10 0.225 0.5675 0.181875 0.45416666666666666
11 0.91 0.8675 0.18 0.1025