10 0.83375 0.6825 0.29125 0.3275
10 0.66 0.7666666666666667 0.376875 0.3233333333333333
10 0.9275 0.3591666666666667 0.11625 0.2966666666666667
10 0.555625 0.24583333333333332 0.1825 0.1375
10 0.596875 0.48083333333333333 0.209375 0.3925
1 0.246875 0.4741666666666667 0.150625 0.3825
10 0.385 0.7333333333333333 0.36875 0.45166666666666666
10 0.288125 0.8175 0.34375 0.265
0 0.414375 0.515 0.208125 0.2733333333333333
7 0.73 0.38 0.131875 0.37416666666666665
4 0.858125 0.32416666666666666 0.148125 0.2675
1 0.904375 0.6166666666666667 0.190625 0.36083333333333334
11 0.911875 0.8633333333333333 0.17625 0.11666666666666667
1 0.49875 0.1675 0.11125 0.11333333333333333
10 0.80375 0.185 0.15375 0.095