10 0.686875 0.8508333333333333 0.34625 0.26666666666666666
11 0.87 0.8916666666666667 0.25125 0.14166666666666666
5 0.888125 0.6766666666666666 0.2025 0.4483333333333333
5 0.95625 0.665 0.0875 0.42
7 0.21875 0.7158333333333333 0.43375 0.31666666666666665
7 0.77375 0.2791666666666667 0.26 0.29
6 0.1225 0.39 0.20375 0.36
6 0.4525 0.5391666666666667 0.43625 0.2866666666666667
6 0.476875 0.33 0.33875 0.25166666666666665
7 0.395625 0.15666666666666668 0.19375 0.31333333333333335
0 0.278125 0.45666666666666667 0.2175 0.295