1 0.3 0.305 0.25875 0.3983333333333333
0 0.58875 0.5033333333333333 0.23875 0.305
11 0.06 0.79 0.12 0.14333333333333334
4 0.261875 0.395 0.32875 0.27666666666666667
1 0.194375 0.6383333333333333 0.37375 0.5083333333333333
1 0.296875 0.7283333333333334 0.375 0.41333333333333333
1 0.64875 0.7783333333333333 0.495 0.43333333333333335
1 0.7775 0.6483333333333333 0.2525 0.44166666666666665
1 0.78375 0.5166666666666667 0.185 0.33666666666666667
1 0.445 0.39166666666666666 0.23 0.46166666666666667
1 0.1075 0.2 0.19125 0.31333333333333335
1 0.169375 0.20666666666666667 0.205 0.315
1 0.065 0.525 0.13 0.44
1 0.041875 0.5333333333333333 0.08375 0.43
1 0.541875 0.2866666666666667 0.11375 0.19
10 0.5275 0.11916666666666667 0.1375 0.14166666666666666