0 0.414375 0.5141666666666667 0.20375 0.26416666666666666
11 0.90875 0.865 0.181875 0.11583333333333333
10 0.89375 0.755 0.211875 0.205
1 0.69 0.4058333333333333 0.188125 0.3825
1 0.4975 0.345 0.231875 0.1975
1 0.32 0.7608333333333334 0.328125 0.275
1 0.241875 0.5808333333333333 0.2 0.3458333333333333
1 0.221875 0.44916666666666666 0.094375 0.21
1 0.52 0.20666666666666667 0.18125 0.15916666666666668
1 0.683125 0.695 0.25375 0.49166666666666664
10 0.5625 0.6966666666666667 0.1975 0.5358333333333334
7 0.793125 0.2725 0.315 0.36833333333333335
1 0.906875 0.39 0.115 0.3025
10 0.804375 0.38916666666666666 0.108125 0.325
4 0.9475 0.5483333333333333 0.105 0.345