11 0.91 0.8616666666666667 0.18 0.12083333333333333
0 0.413125 0.5216666666666666 0.208125 0.25583333333333336
1 0.61625 0.815 0.430625 0.2875
1 0.740625 0.6633333333333333 0.319375 0.38
1 0.905 0.31333333333333335 0.134375 0.28583333333333333
1 0.826875 0.295 0.14625 0.3016666666666667
1 0.744375 0.3958333333333333 0.28125 0.19583333333333333
10 0.626875 0.31333333333333335 0.32375 0.225
1 0.89875 0.635 0.16625 0.4125
1 0.94375 0.6191666666666666 0.1125 0.38166666666666665
10 0.525 0.5383333333333333 0.27 0.3075
7 0.41125 0.7358333333333333 0.525625 0.3491666666666667
4 0.214375 0.635 0.190625 0.45416666666666666
10 0.51125 0.16416666666666666 0.101875 0.1075
1 0.23875 0.5358333333333334 0.16875 0.3541666666666667