1 0.16375 0.37333333333333335 0.18125 0.26
1 0.0825 0.41 0.13 0.26
2 0.06875 0.7175 0.1375 0.455
4 0.29 0.7533333333333333 0.38125 0.325
10 0.37 0.88 0.45 0.24
1 0.708125 0.8125 0.41875 0.3383333333333333
10 0.62 0.6641666666666667 0.41625 0.24833333333333332
10 0.77875 0.5233333333333333 0.19125 0.4083333333333333
0 0.586875 0.5008333333333334 0.2325 0.25
1 0.33875 0.44166666666666665 0.22 0.39666666666666667
10 0.161875 0.2175 0.19 0.13666666666666666
1 0.48375 0.3416666666666667 0.25375 0.205
10 0.48 0.155 0.11375 0.155
11 0.10625 0.925 0.17625 0.13333333333333333
8 0.15625 0.72 0.1925 0.49333333333333335