10 0.608125 0.8508333333333333 0.42125 0.29833333333333334
10 0.81 0.7016666666666667 0.30875 0.27
10 0.7075 0.15083333333333335 0.17625 0.15333333333333332
11 0.889375 0.78 0.22125 0.18666666666666668
0 0.329375 0.5516666666666666 0.2325 0.31
1 0.659375 0.39666666666666667 0.2275 0.38666666666666666
1 0.783125 0.27666666666666667 0.18875 0.27666666666666667
1 0.886875 0.6025 0.22625 0.32166666666666666
6 0.15875 0.5833333333333334 0.25375 0.31
7 0.854375 0.43583333333333335 0.2175 0.2733333333333333
7 0.3725 0.2683333333333333 0.13875 0.22