0 0.7125 0.5216666666666666 0.19 0.2633333333333333
7 0.541875 0.36083333333333334 0.308125 0.2608333333333333
7 0.45875 0.26666666666666666 0.296875 0.3225
5 0.363125 0.7566666666666667 0.386875 0.26416666666666666
11 0.175 0.8541666666666666 0.246875 0.14166666666666666
6 0.85625 0.6666666666666666 0.195 0.43083333333333335
1 0.91 0.6683333333333333 0.13375 0.42333333333333334
10 0.3225 0.23583333333333334 0.1625 0.19166666666666668
10 0.279375 0.58 0.244375 0.36333333333333334
10 0.143125 0.6041666666666666 0.144375 0.4216666666666667
10 0.651875 0.17 0.151875 0.10916666666666666