11 0.835 0.9475 0.2375 0.105
10 0.890625 0.685 0.21875 0.5833333333333334
5 0.820625 0.7025 0.26625 0.595
6 0.5025 0.6058333333333333 0.5325 0.42833333333333334
6 0.28875 0.71 0.2775 0.5366666666666666
6 0.120625 0.6558333333333334 0.24125 0.5016666666666667
6 0.11375 0.385 0.2075 0.26166666666666666
6 0.4575 0.22833333333333333 0.3475 0.435
6 0.529375 0.3933333333333333 0.44125 0.29333333333333333
7 0.56625 0.8033333333333333 0.57 0.3933333333333333
10 0.865 0.7966666666666666 0.2225 0.4066666666666667