1 0.203125 0.43166666666666664 0.205 0.4041666666666667
1 0.42875 0.305 0.320625 0.25083333333333335
1 0.894375 0.6908333333333333 0.11 0.43083333333333335
0 0.708125 0.5158333333333334 0.198125 0.255
4 0.14625 0.7633333333333333 0.171875 0.29333333333333333
4 0.616875 0.8466666666666667 0.33125 0.26416666666666666
11 0.15375 0.85 0.20375 0.135
10 0.469375 0.5258333333333334 0.261875 0.29333333333333333
10 0.829375 0.64 0.1175 0.42083333333333334
10 0.581875 0.38083333333333336 0.2575 0.2425
7 0.479375 0.76 0.494375 0.3491666666666667
7 0.295625 0.1475 0.2 0.19083333333333333
5 0.26375 0.6183333333333333 0.165 0.5525