5 0.18 0.6216666666666667 0.148125 0.475
7 0.280625 0.1825 0.17125 0.22583333333333333
7 0.801875 0.7866666666666666 0.29875 0.23833333333333334
6 0.87875 0.49583333333333335 0.2425 0.2733333333333333
7 0.88 0.6941666666666667 0.24 0.3541666666666667
11 0.17 0.8508333333333333 0.2525 0.14666666666666667
10 0.47375 0.6858333333333333 0.306875 0.5058333333333334
10 0.36875 0.6483333333333333 0.266875 0.48333333333333334
10 0.250625 0.4375 0.214375 0.32666666666666666
10 0.116875 0.5916666666666667 0.149375 0.4225
10 0.5825 0.2975 0.286875 0.19
10 0.660625 0.17166666666666666 0.165 0.1275
0 0.713125 0.5175 0.189375 0.2625