10 0.641875 0.1675 0.1275 0.12083333333333333
10 0.3225 0.19083333333333333 0.141875 0.11666666666666667
10 0.48625 0.84 0.45625 0.24166666666666667
11 0.168125 0.8566666666666667 0.25125 0.15
0 0.715 0.5116666666666667 0.1925 0.2683333333333333
6 0.858125 0.6933333333333334 0.28375 0.3725
6 0.884375 0.5558333333333333 0.23125 0.23833333333333334
7 0.485 0.6358333333333334 0.309375 0.43
7 0.560625 0.2941666666666667 0.18375 0.35333333333333333
7 0.399375 0.4041666666666667 0.30375 0.27666666666666667
7 0.24875 0.2625 0.268125 0.24333333333333335
5 0.1675 0.5883333333333334 0.213125 0.4825
10 0.0975 0.6033333333333334 0.1225 0.39