10 0.483125 0.2675 0.3525 0.3016666666666667
10 0.574375 0.07916666666666666 0.13875 0.15833333333333333
10 0.17 0.6933333333333334 0.23875 0.465
10 0.17875 0.4166666666666667 0.15875 0.3466666666666667
10 0.76 0.7908333333333334 0.48 0.40166666666666667
7 0.810625 0.5558333333333333 0.37875 0.555
10 0.910625 0.5083333333333333 0.17875 0.48
11 0.235 0.93 0.2875 0.14
0 0.7375 0.43333333333333335 0.26375 0.35
5 0.30125 0.7908333333333334 0.3925 0.415
7 0.563125 0.5616666666666666 0.36875 0.5883333333333334
7 0.268125 0.4225 0.28125 0.4683333333333333
7 0.21375 0.18083333333333335 0.26 0.265
6 0.6725 0.1725 0.155 0.345