10 0.291875 0.2075 0.20375 0.1675
10 0.646875 0.16833333333333333 0.1175 0.11416666666666667
10 0.53875 0.3825 0.3275 0.15083333333333335
10 0.4275 0.865 0.454375 0.2025
10 0.48125 0.6125 0.330625 0.39666666666666667
10 0.8275 0.6816666666666666 0.119375 0.4683333333333333
11 0.17 0.8558333333333333 0.236875 0.13916666666666666
5 0.095 0.6258333333333334 0.148125 0.4525
5 0.82 0.5341666666666667 0.281875 0.32166666666666666
4 0.690625 0.7508333333333334 0.3625 0.3025
4 0.936875 0.645 0.12625 0.4866666666666667
1 0.2275 0.6108333333333333 0.198125 0.4525
0 0.711875 0.5166666666666667 0.196875 0.255