7 0.858125 0.5175 0.28375 0.5983333333333334
11 0.9325 0.8283333333333334 0.135 0.17666666666666667
10 0.76125 0.8141666666666667 0.4775 0.3616666666666667
10 0.411875 0.8883333333333333 0.43125 0.22333333333333333
10 0.165 0.8025 0.265 0.395
1 0.1525 0.5683333333333334 0.19875 0.3566666666666667
1 0.480625 0.37833333333333335 0.36375 0.445
10 0.365625 0.17333333333333334 0.19875 0.18166666666666667
10 0.590625 0.24333333333333335 0.3575 0.255
10 0.75375 0.11166666666666666 0.3125 0.22333333333333333
0 0.345625 0.5783333333333334 0.265 0.3383333333333333
1 0.4175 0.7766666666666666 0.49625 0.4166666666666667