1 0.493125 0.30916666666666665 0.31125 0.3416666666666667
1 0.433125 0.18166666666666667 0.21375 0.2833333333333333
0 0.291875 0.48833333333333334 0.2575 0.345
11 0.80375 0.9541666666666667 0.2625 0.09166666666666666
10 0.38625 0.8175 0.485 0.365
1 0.48875 0.535 0.4175 0.5433333333333333
10 0.1425 0.6533333333333333 0.23375 0.535
10 0.083125 0.5733333333333334 0.16625 0.5366666666666666
10 0.706875 0.3358333333333333 0.30625 0.28
10 0.884375 0.4166666666666667 0.1575 0.31666666666666665
5 0.73875 0.705 0.305 0.59
10 0.835 0.7325 0.2675 0.535
10 0.90375 0.7633333333333333 0.1925 0.47333333333333333