4 0.70875 0.65 0.29125 0.53
1 0.846875 0.5375 0.22375 0.5533333333333333
10 0.919375 0.5558333333333333 0.16125 0.48833333333333334
0 0.71 0.4691666666666667 0.2325 0.30666666666666664
1 0.55125 0.3025 0.35875 0.3
10 0.58 0.165 0.19875 0.18
1 0.31375 0.28833333333333333 0.195 0.2783333333333333
10 0.21625 0.39 0.1725 0.2733333333333333
10 0.223125 0.6908333333333333 0.26625 0.4533333333333333
10 0.144375 0.6408333333333334 0.18 0.41333333333333333
10 0.513125 0.8025 0.44875 0.395
11 0.218125 0.9125 0.26125 0.175