0 0.709375 0.52 0.19375 0.25583333333333336
1 0.649375 0.275 0.128125 0.2125
4 0.15125 0.5041666666666667 0.158125 0.31416666666666665
5 0.243125 0.6525 0.315 0.41583333333333333
7 0.880625 0.69 0.238125 0.3025
10 0.505625 0.8608333333333333 0.443125 0.19333333333333333
10 0.464375 0.6908333333333333 0.433125 0.2733333333333333
10 0.78625 0.7641666666666667 0.296875 0.295
10 0.86875 0.5041666666666667 0.13 0.16833333333333333
10 0.644375 0.16 0.125625 0.10166666666666667
10 0.4525 0.28 0.313125 0.16833333333333333
10 0.265 0.24083333333333334 0.223125 0.25333333333333335
11 0.17125 0.855 0.243125 0.14666666666666667
1 0.3225 0.61 0.31125 0.4266666666666667