7 0.75125 0.8108333333333333 0.471875 0.2966666666666667
7 0.418125 0.1275 0.29125 0.21333333333333335
5 0.2225 0.6333333333333333 0.2775 0.44166666666666665
5 0.411875 0.77 0.435625 0.285
4 0.279375 0.21583333333333332 0.1425 0.22416666666666665
4 0.11375 0.5866666666666667 0.145625 0.4
10 0.651875 0.16333333333333333 0.149375 0.11083333333333334
10 0.66875 0.22833333333333333 0.118125 0.12333333333333334
10 0.588125 0.4275 0.246875 0.33166666666666667
10 0.47375 0.2975 0.305 0.18583333333333332
11 0.175 0.8558333333333333 0.238125 0.14166666666666666
0 0.70875 0.505 0.19625 0.23166666666666666
1 0.8825 0.6616666666666666 0.163125 0.4375
1 0.6525 0.6825 0.395625 0.33416666666666667