0 0.314375 0.5266666666666666 0.27 0.35333333333333333
11 0.911875 0.7191666666666666 0.17625 0.22166666666666668
10 0.75625 0.17833333333333334 0.29375 0.255
1 0.665 0.11833333333333333 0.1925 0.23666666666666666
10 0.44625 0.245 0.365 0.3383333333333333
10 0.303125 0.11666666666666667 0.10625 0.11333333333333333
4 0.63 0.59 0.4375 0.5083333333333333
10 0.701875 0.39416666666666667 0.41875 0.455
10 0.88125 0.47583333333333333 0.2375 0.5383333333333333
1 0.929375 0.42083333333333334 0.14125 0.5316666666666666
10 0.624375 0.8041666666666667 0.475 0.38
10 0.250625 0.7975 0.37125 0.405
1 0.168125 0.6133333333333333 0.2725 0.4766666666666667