0 0.71375 0.5208333333333334 0.20125 0.26
11 0.173125 0.855 0.24125 0.14416666666666667
10 0.279375 0.3375 0.240625 0.15916666666666668
1 0.345 0.24083333333333334 0.138125 0.2175
10 0.5575 0.31333333333333335 0.295625 0.2175
10 0.661875 0.16416666666666666 0.0825 0.07833333333333334
4 0.450625 0.6608333333333334 0.33625 0.36
10 0.35875 0.51 0.326875 0.31416666666666665
10 0.20125 0.6333333333333333 0.16875 0.43833333333333335
1 0.133125 0.5991666666666666 0.1175 0.4575
10 0.486875 0.8441666666666666 0.394375 0.22583333333333333
10 0.81375 0.7666666666666667 0.28 0.3416666666666667
1 0.85375 0.5575 0.183125 0.37916666666666665