11 0.1725 0.8566666666666667 0.243125 0.14333333333333334
10 0.639375 0.15666666666666668 0.1425 0.14333333333333334
7 0.7 0.6158333333333333 0.34 0.6066666666666667
4 0.60875 0.6983333333333334 0.239375 0.5
7 0.318125 0.42 0.269375 0.44916666666666666
4 0.2575 0.22166666666666668 0.123125 0.1825
4 0.92875 0.675 0.1425 0.42
7 0.86625 0.5375 0.203125 0.31666666666666665
7 0.515625 0.35 0.32625 0.31416666666666665
5 0.309375 0.6633333333333333 0.256875 0.475
5 0.168125 0.5841666666666666 0.14625 0.5791666666666667
5 0.0775 0.6016666666666667 0.128125 0.4925
0 0.718125 0.5166666666666667 0.1825 0.25166666666666665