4 0.33375 0.8016666666666666 0.37 0.33166666666666667
1 0.88875 0.675 0.158125 0.41
1 0.700625 0.8083333333333333 0.360625 0.30083333333333334
1 0.5325 0.7158333333333333 0.43625 0.25166666666666665
1 0.505625 0.5016666666666667 0.331875 0.2991666666666667
1 0.51625 0.43333333333333335 0.391875 0.3075
1 0.64875 0.17583333333333334 0.136875 0.1225
1 0.231875 0.2925 0.19625 0.26666666666666666
10 0.505 0.2633333333333333 0.328125 0.15333333333333332
10 0.890625 0.4625 0.0975 0.1575
8 0.146875 0.6333333333333333 0.20625 0.44416666666666665
0 0.71125 0.5125 0.19125 0.24333333333333335
1 0.826875 0.4766666666666667 0.081875 0.14083333333333334
11 0.17125 0.8525 0.245 0.1475