0 0.71625 0.5183333333333333 0.19125 0.2633333333333333
7 0.56125 0.4325 0.156875 0.5616666666666666
1 0.553125 0.3025 0.296875 0.25
10 0.65625 0.16166666666666665 0.085625 0.07833333333333334
10 0.3525 0.24166666666666667 0.1475 0.21916666666666668
10 0.281875 0.31666666666666665 0.220625 0.19916666666666666
10 0.374375 0.5358333333333334 0.3 0.325
10 0.2 0.6275 0.173125 0.43
1 0.13125 0.5925 0.121875 0.44166666666666665
10 0.439375 0.7825 0.43125 0.29583333333333334
10 0.801875 0.7633333333333333 0.291875 0.33916666666666667
10 0.83625 0.5616666666666666 0.175 0.3616666666666667
11 0.174375 0.8525 0.2425 0.14583333333333334