10 0.38875 0.5883333333333334 0.225 0.4675
10 0.47625 0.8408333333333333 0.435 0.225
10 0.639375 0.15916666666666668 0.150625 0.11166666666666666
1 0.63 0.5341666666666667 0.28875 0.41333333333333333
0 0.709375 0.5091666666666667 0.2 0.25166666666666665
1 0.871875 0.5083333333333333 0.1425 0.23166666666666666
1 0.785625 0.7758333333333334 0.34 0.3616666666666667
1 0.311875 0.30333333333333334 0.27875 0.1975
1 0.3075 0.23666666666666666 0.25875 0.19916666666666666
11 0.171875 0.8525 0.24375 0.1425
1 0.655625 0.2891666666666667 0.17375 0.22666666666666666
8 0.28875 0.645 0.205625 0.5066666666666667
8 0.1825 0.6308333333333334 0.1975 0.4575
1 0.173125 0.6025 0.231875 0.43916666666666665