10 0.52 0.8616666666666667 0.443125 0.20333333333333334
10 0.645 0.19 0.098125 0.11
10 0.505 0.2608333333333333 0.28125 0.20333333333333334
10 0.335 0.25916666666666666 0.20125 0.19833333333333333
10 0.290625 0.16916666666666666 0.180625 0.08833333333333333
1 0.2425 0.31666666666666665 0.156875 0.25166666666666665
10 0.240625 0.5783333333333334 0.215 0.4483333333333333
1 0.140625 0.595 0.12875 0.4683333333333333
11 0.1725 0.8525 0.248125 0.14583333333333334
4 0.381875 0.6233333333333333 0.32625 0.255
4 0.3675 0.465 0.225625 0.32
0 0.711875 0.5191666666666667 0.199375 0.26666666666666666
7 0.8825 0.5591666666666667 0.168125 0.41583333333333333