10 0.393125 0.5883333333333334 0.27875 0.49666666666666665
11 0.871875 0.7608333333333334 0.25625 0.19333333333333333
0 0.291875 0.5716666666666667 0.2175 0.3016666666666667
4 0.665625 0.16416666666666666 0.2 0.22333333333333333
4 0.105625 0.7733333333333333 0.20375 0.44
5 0.77375 0.5433333333333333 0.29125 0.585
5 0.9125 0.4975 0.175 0.5116666666666667
7 0.6425 0.5583333333333333 0.305 0.5733333333333334
7 0.776875 0.2758333333333333 0.18875 0.39166666666666666
7 0.458125 0.23333333333333334 0.3275 0.3
7 0.26 0.7608333333333334 0.32 0.47833333333333333
7 0.608125 0.695 0.38375 0.5083333333333333
7 0.288125 0.2325 0.1225 0.23