4 0.164375 0.7633333333333333 0.2125 0.21083333333333334
4 0.335 0.24583333333333332 0.216875 0.26416666666666666
4 0.54125 0.19666666666666666 0.2675 0.2425
4 0.10375 0.5641666666666667 0.125 0.25416666666666665
7 0.64625 0.695 0.19625 0.5433333333333333
7 0.465625 0.705 0.213125 0.5191666666666667
7 0.891875 0.47583333333333333 0.149375 0.2675
4 0.516875 0.4025 0.378125 0.28833333333333333
7 0.31625 0.13583333333333333 0.25 0.17166666666666666
7 0.296875 0.45916666666666667 0.2375 0.36583333333333334
7 0.230625 0.5325 0.23875 0.3525
11 0.1725 0.8566666666666667 0.238125 0.1475
0 0.715 0.5266666666666666 0.1875 0.25833333333333336
7 0.64125 0.23 0.1725 0.19