10 0.529375 0.37666666666666665 0.395 0.31
10 0.581875 0.22333333333333333 0.26 0.20166666666666666
10 0.6075 0.09333333333333334 0.1725 0.13666666666666666
10 0.33625 0.295 0.37875 0.305
10 0.135625 0.4875 0.19625 0.3983333333333333
10 0.70625 0.695 0.45 0.4483333333333333
10 0.935 0.6041666666666666 0.13 0.495
10 0.90125 0.4141666666666667 0.1125 0.165
11 0.208125 0.9258333333333333 0.29375 0.14833333333333334
0 0.758125 0.465 0.25125 0.3283333333333333
1 0.50625 0.7216666666666667 0.515 0.5566666666666666
10 0.26625 0.6541666666666667 0.36875 0.3233333333333333
5 0.190625 0.7641666666666667 0.3225 0.4