10 0.2075 0.7716666666666666 0.415 0.3466666666666667
11 0.125 0.8216666666666667 0.25 0.20666666666666667
7 0.26875 0.4691666666666667 0.3375 0.38
10 0.19125 0.38083333333333336 0.205 0.37833333333333335
7 0.83125 0.84 0.29 0.32
7 0.34875 0.6775 0.50625 0.38166666666666665
7 0.50875 0.13083333333333333 0.305 0.25
6 0.689375 0.33666666666666667 0.26 0.395
6 0.565625 0.37416666666666665 0.42625 0.37166666666666665
6 0.529375 0.5666666666666667 0.4425 0.33666666666666667
6 0.87875 0.5941666666666666 0.21625 0.2816666666666667
6 0.628125 0.7658333333333334 0.32625 0.4683333333333333