0 0.280625 0.55 0.2275 0.3
10 0.145625 0.5625 0.10875 0.22
10 0.095625 0.7383333333333333 0.18 0.48833333333333334
10 0.31375 0.7325 0.41625 0.265
10 0.739375 0.6716666666666666 0.22625 0.5316666666666666
10 0.444375 0.2683333333333333 0.32 0.19333333333333333
10 0.340625 0.17 0.14375 0.12166666666666667
4 0.839375 0.44916666666666666 0.18 0.32166666666666666
4 0.759375 0.30416666666666664 0.31125 0.34
4 0.523125 0.39916666666666667 0.28125 0.32666666666666666
7 0.73375 0.1725 0.2925 0.245
1 0.443125 0.8266666666666667 0.53875 0.3466666666666667
11 0.87 0.8216666666666667 0.26 0.18666666666666668