11 0.17 0.8558333333333333 0.25125 0.145
0 0.71375 0.5166666666666667 0.1825 0.26666666666666666
1 0.88875 0.6558333333333334 0.16 0.5033333333333333
10 0.30875 0.17833333333333334 0.22 0.125
10 0.19875 0.30666666666666664 0.0925 0.20083333333333334
10 0.64 0.145 0.115625 0.12416666666666666
10 0.640625 0.24333333333333335 0.1175 0.095
10 0.563125 0.42583333333333334 0.25625 0.3383333333333333
10 0.65375 0.6475 0.22125 0.5075
8 0.37875 0.7616666666666667 0.374375 0.2708333333333333
7 0.29375 0.4875 0.214375 0.5458333333333333
5 0.176875 0.5975 0.20125 0.5008333333333334