7 0.44125 0.5508333333333333 0.54375 0.435
7 0.386875 0.31083333333333335 0.23875 0.29
7 0.12625 0.6975 0.2525 0.495
5 0.5975 0.8291666666666667 0.5325 0.3416666666666667
5 0.790625 0.5908333333333333 0.28125 0.5933333333333334
5 0.898125 0.5391666666666667 0.20375 0.555
4 0.68375 0.22833333333333333 0.3025 0.3566666666666667
4 0.644375 0.135 0.2125 0.18333333333333332
4 0.231875 0.17583333333333334 0.21625 0.27666666666666667
6 0.26375 0.42083333333333334 0.135 0.2916666666666667
0 0.235 0.6225 0.24625 0.3283333333333333
11 0.85875 0.8425 0.2825 0.21833333333333332