6 0.61 0.7375 0.32125 0.465
6 0.871875 0.655 0.25625 0.3308333333333333
6 0.52375 0.6183333333333333 0.37125 0.36583333333333334
10 0.518125 0.425 0.3575 0.20833333333333334
6 0.494375 0.43666666666666665 0.395625 0.2
6 0.841875 0.45416666666666666 0.166875 0.16583333333333333
10 0.37875 0.7033333333333334 0.305 0.4033333333333333
11 0.168125 0.8508333333333333 0.25 0.14166666666666666
10 0.23125 0.6416666666666667 0.16375 0.4125
10 0.11625 0.6083333333333333 0.145625 0.4166666666666667
7 0.40625 0.13666666666666666 0.239375 0.18166666666666667