10 0.485625 0.8783333333333333 0.51125 0.24333333333333335
10 0.066875 0.7358333333333333 0.13375 0.435
11 0.860625 0.855 0.27875 0.19333333333333333
0 0.22375 0.625 0.25125 0.30666666666666664
4 0.745625 0.19166666666666668 0.18125 0.23833333333333334
7 0.6025 0.13833333333333334 0.245 0.27666666666666667
7 0.41125 0.29 0.36625 0.42333333333333334
7 0.199375 0.8408333333333333 0.34625 0.31833333333333336
7 0.7075 0.7066666666666667 0.53 0.5183333333333333
7 0.89625 0.5 0.2075 0.5666666666666667
5 0.821875 0.5766666666666667 0.32125 0.66
7 0.220625 0.35 0.115 0.19166666666666668