11 0.140625 0.8866666666666667 0.265 0.16833333333333333
0 0.775 0.45916666666666667 0.23875 0.2966666666666667
7 0.83 0.6875 0.34 0.475
10 0.980625 0.63 0.03875 0.39
10 0.116875 0.4841666666666667 0.17 0.42
7 0.48125 0.8 0.4975 0.4
7 0.680625 0.26916666666666667 0.2325 0.38333333333333336
7 0.406875 0.2775 0.3925 0.29333333333333333
7 0.53125 0.06416666666666666 0.2925 0.12833333333333333
7 0.26125 0.13916666666666666 0.25 0.2683333333333333
7 0.17625 0.1525 0.15875 0.2816666666666667
7 0.11625 0.685 0.23 0.27666666666666667
4 0.326875 0.7291666666666666 0.38 0.4666666666666667