1 0.635 0.7775 0.4925 0.445
1 0.875 0.6616666666666666 0.185 0.46
0 0.68 0.5391666666666667 0.2375 0.31
11 0.098125 0.8383333333333334 0.19625 0.19
7 0.26625 0.15583333333333332 0.34 0.31166666666666665
10 0.3125 0.185 0.24875 0.16166666666666665
10 0.651875 0.345 0.10875 0.15333333333333332
10 0.68 0.22833333333333333 0.09875 0.12833333333333333
4 0.5125 0.24666666666666667 0.315 0.33166666666666667
4 0.355 0.34 0.33375 0.29
7 0.331875 0.67 0.4275 0.6583333333333333
4 0.043125 0.7266666666666667 0.08625 0.30333333333333334
5 0.155625 0.5825 0.245 0.6316666666666667
4 0.388125 0.5175 0.3325 0.32166666666666666