1 0.43125 0.49666666666666665 0.43375 0.575
10 0.39125 0.25083333333333335 0.33375 0.2633333333333333
10 0.175 0.46416666666666667 0.3 0.5083333333333333
10 0.13375 0.24916666666666668 0.235 0.19333333333333333
10 0.27875 0.6191666666666666 0.45625 0.5533333333333333
10 0.51625 0.8716666666666667 0.525 0.25666666666666665
7 0.76 0.7075 0.48 0.415
6 0.794375 0.5475 0.41125 0.46166666666666667
0 0.673125 0.4575 0.26875 0.3566666666666667
4 0.08375 0.42 0.1675 0.41333333333333333
4 0.085 0.6733333333333333 0.17 0.4166666666666667
7 0.190625 0.8766666666666667 0.28625 0.24666666666666667
11 0.17875 0.9575 0.21 0.085