1 0.391875 0.4766666666666667 0.42125 0.525
10 0.158125 0.8 0.31625 0.2966666666666667
1 0.16875 0.585 0.29625 0.48
10 0.44625 0.2658333333333333 0.29875 0.21333333333333335
10 0.876875 0.7233333333333334 0.2075 0.4816666666666667
10 0.52875 0.8041666666666667 0.4925 0.39166666666666666
10 0.636875 0.36083333333333334 0.26375 0.29833333333333334
4 0.738125 0.21 0.2 0.2
4 0.820625 0.3175 0.1625 0.21833333333333332
4 0.790625 0.5008333333333334 0.3125 0.32
0 0.294375 0.485 0.24375 0.3283333333333333
11 0.8025 0.9391666666666667 0.275 0.12166666666666667
10 0.4275 0.1625 0.1525 0.14333333333333334