5 0.18375 0.6241666666666666 0.29625 0.5566666666666666
5 0.079375 0.6316666666666667 0.15875 0.5566666666666666
5 0.125625 0.9858333333333333 0.13625 0.028333333333333332
11 0.18125 0.9016666666666666 0.28625 0.19166666666666668
10 0.264375 0.3491666666666667 0.17125 0.37166666666666665
10 0.448125 0.31416666666666665 0.305 0.39
10 0.934375 0.3675 0.1125 0.17166666666666666
10 0.856875 0.8158333333333333 0.28625 0.255
10 0.536875 0.8608333333333333 0.50625 0.2783333333333333
7 0.27875 0.095 0.22625 0.16666666666666666
10 0.786875 0.6458333333333334 0.42625 0.395
1 0.59 0.3616666666666667 0.26625 0.475
0 0.759375 0.43416666666666665 0.2325 0.275
7 0.338125 0.6841666666666667 0.44 0.47