1 0.554375 0.30666666666666664 0.2475 0.24333333333333335
1 0.625 0.20916666666666667 0.1625 0.215
0 0.706875 0.515 0.194375 0.2625
11 0.17 0.8516666666666667 0.2425 0.1375
10 0.574375 0.815 0.405625 0.2925
1 0.52625 0.5066666666666667 0.31875 0.41
10 0.814375 0.6991666666666667 0.143125 0.4575
10 0.904375 0.6483333333333333 0.135 0.45666666666666667
10 0.361875 0.2758333333333333 0.2525 0.18666666666666668
10 0.195 0.3025 0.103125 0.2625
5 0.278125 0.6175 0.195625 0.5366666666666666
10 0.193125 0.5983333333333334 0.17375 0.45166666666666666
10 0.11 0.6141666666666666 0.144375 0.42583333333333334