4 0.53125 0.6158333333333333 0.44125 0.395
0 0.71375 0.5208333333333334 0.19375 0.2608333333333333
10 0.8375 0.5675 0.17125 0.35083333333333333
10 0.794375 0.7658333333333334 0.28125 0.3383333333333333
10 0.42625 0.79 0.4125 0.3016666666666667
10 0.351875 0.5166666666666667 0.289375 0.31416666666666665
10 0.211875 0.6308333333333334 0.14375 0.42
1 0.130625 0.5983333333333334 0.115625 0.4583333333333333
11 0.170625 0.8525 0.245625 0.14583333333333334
10 0.285625 0.31916666666666665 0.218125 0.19916666666666666
1 0.341875 0.24166666666666667 0.14125 0.22
1 0.5525 0.3016666666666667 0.294375 0.2425
10 0.6625 0.1625 0.095625 0.07916666666666666