10 0.64875 0.15666666666666668 0.1425 0.10333333333333333
10 0.64 0.3125 0.165 0.1725
8 0.12375 0.6366666666666667 0.13375 0.42083333333333334
11 0.170625 0.855 0.24125 0.14583333333333334
5 0.266875 0.6341666666666667 0.193125 0.5433333333333333
5 0.1725 0.605 0.15375 0.5283333333333333
7 0.40875 0.2475 0.31125 0.2225
6 0.886875 0.6391666666666667 0.22625 0.38916666666666666
6 0.9 0.47833333333333333 0.199375 0.22
6 0.519375 0.415 0.3675 0.22916666666666666
6 0.514375 0.5816666666666667 0.40125 0.2791666666666667
6 0.611875 0.7041666666666667 0.3375 0.495
6 0.86625 0.6875 0.238125 0.4083333333333333