0 0.21875 0.49666666666666665 0.245 0.33166666666666667
7 0.36125 0.4241666666666667 0.34125 0.5033333333333333
1 0.403125 0.2841666666666667 0.365 0.295
10 0.31125 0.10083333333333333 0.095 0.1
1 0.655625 0.24083333333333334 0.18625 0.275
10 0.7275 0.37416666666666665 0.285 0.245
4 0.691875 0.7108333333333333 0.3075 0.49
10 0.79625 0.6925 0.24125 0.48333333333333334
1 0.869375 0.675 0.1825 0.5033333333333333
1 0.465625 0.8466666666666667 0.48625 0.30666666666666664
11 0.8 0.9308333333333333 0.29 0.13833333333333334
10 0.136875 0.7708333333333334 0.27375 0.39166666666666666
1 0.10375 0.5375 0.2075 0.415