10 0.704375 0.5025 0.3575 0.6083333333333333
11 0.2575 0.9466666666666667 0.31 0.10666666666666667
0 0.806875 0.41333333333333333 0.27375 0.375
4 0.245 0.23666666666666666 0.24625 0.2833333333333333
5 0.2775 0.6816666666666666 0.3775 0.6366666666666667
5 0.115 0.7341666666666666 0.23 0.5316666666666666
7 0.424375 0.645 0.3925 0.7016666666666667
7 0.16875 0.43333333333333335 0.24375 0.4766666666666667
7 0.495 0.17916666666666667 0.4 0.35833333333333334
7 0.8575 0.6083333333333333 0.285 0.5933333333333334
7 0.5125 0.725 0.475 0.55
7 0.67625 0.09333333333333334 0.1575 0.18666666666666668