11 0.84875 0.9033333333333333 0.27 0.18833333333333332
10 0.369375 0.5341666666666667 0.3475 0.505
7 0.17 0.6566666666666666 0.34 0.5333333333333333
10 0.05125 0.5825 0.1025 0.49833333333333335
5 0.64875 0.7483333333333333 0.4675 0.44333333333333336
5 0.93625 0.6125 0.1275 0.5483333333333333
7 0.834375 0.5883333333333334 0.32625 0.6333333333333333
7 0.8525 0.31416666666666665 0.16875 0.415
7 0.640625 0.38083333333333336 0.16375 0.475
7 0.48875 0.14833333333333334 0.3275 0.2966666666666667
4 0.760625 0.16416666666666666 0.175 0.21
10 0.36 0.05416666666666667 0.15 0.10833333333333334
0 0.254375 0.4575 0.23375 0.30833333333333335