4 0.110625 0.2825 0.16625 0.2833333333333333
4 0.930625 0.4675 0.13875 0.5183333333333333
5 0.159375 0.6641666666666667 0.31875 0.6716666666666666
5 0.07875 0.7008333333333333 0.1575 0.5616666666666666
7 0.265625 0.3125 0.2475 0.5066666666666667
7 0.44375 0.23583333333333334 0.3975 0.4716666666666667
7 0.605625 0.17333333333333334 0.24375 0.3433333333333333
7 0.79875 0.5741666666666667 0.4025 0.4216666666666667
7 0.876875 0.3491666666666667 0.205 0.3933333333333333
7 0.3175 0.7183333333333334 0.565 0.5633333333333334
10 0.560625 0.8066666666666666 0.53875 0.38666666666666666
11 0.204375 0.9208333333333333 0.27875 0.15833333333333333
0 0.71125 0.38333333333333336 0.25875 0.31833333333333336