0 0.73625 0.5625 0.23875 0.3016666666666667
11 0.13375 0.8291666666666667 0.2675 0.19166666666666668
10 0.335 0.14416666666666667 0.2475 0.17666666666666667
10 0.63125 0.37083333333333335 0.23625 0.4
10 0.875 0.55 0.1175 0.21333333333333335
10 0.94125 0.595 0.1175 0.29333333333333333
10 0.79375 0.8 0.39 0.4
1 0.4875 0.815 0.47 0.37
1 0.33375 0.275 0.345 0.25333333333333335
5 0.345 0.6983333333333334 0.4 0.48333333333333334
4 0.111875 0.6491666666666667 0.205 0.41333333333333333
4 0.21375 0.48583333333333334 0.27125 0.48333333333333334
7 0.5175 0.29 0.365 0.375