6 0.4475 0.6758333333333333 0.38625 0.43666666666666665
4 0.43125 0.8966666666666666 0.4475 0.20666666666666667
10 0.5375 0.4583333333333333 0.43125 0.275
10 0.805625 0.4083333333333333 0.15125 0.37833333333333335
10 0.74625 0.19583333333333333 0.25875 0.16
10 0.725 0.8058333333333333 0.3775 0.31
10 0.91 0.6833333333333333 0.18 0.49333333333333335
1 0.081875 0.68 0.16375 0.4866666666666667
0 0.273125 0.5433333333333333 0.23 0.315
7 0.55 0.285 0.38875 0.24
7 0.360625 0.13333333333333333 0.1775 0.20166666666666666
11 0.858125 0.9366666666666666 0.25375 0.12666666666666668