11 0.88625 0.7558333333333334 0.2275 0.23166666666666666
5 0.771875 0.5725 0.40625 0.5766666666666667
10 0.861875 0.4191666666666667 0.205 0.44333333333333336
7 0.65125 0.085 0.24 0.17
7 0.726875 0.22833333333333333 0.24125 0.44333333333333336
7 0.57125 0.25583333333333336 0.3025 0.5116666666666667
7 0.358125 0.2758333333333333 0.22875 0.4066666666666667
9 0.34 0.7316666666666667 0.485 0.5366666666666666
3 0.4175 0.6641666666666667 0.46875 0.51
4 0.24875 0.8925 0.38 0.215
1 0.12 0.7083333333333334 0.24 0.39666666666666667
0 0.285 0.5891666666666666 0.25125 0.33666666666666667