10 0.454375 0.7925 0.384375 0.255
10 0.885 0.5275 0.12625 0.2733333333333333
10 0.181875 0.5933333333333334 0.18125 0.43
11 0.170625 0.8533333333333334 0.239375 0.14083333333333334
0 0.7125 0.5175 0.19 0.25833333333333336
1 0.5475 0.2966666666666667 0.255625 0.29
1 0.610625 0.4025 0.241875 0.31083333333333335
1 0.809375 0.7866666666666666 0.3325 0.3275
1 0.46125 0.6 0.365 0.215
4 0.179375 0.23583333333333334 0.155 0.2125
7 0.29375 0.22416666666666665 0.143125 0.27166666666666667
5 0.266875 0.61 0.261875 0.5566666666666666
4 0.140625 0.4775 0.1575 0.2733333333333333