10 0.9 0.7391666666666666 0.2 0.34833333333333333
0 0.800625 0.5291666666666667 0.2725 0.37333333333333335
1 0.94 0.48333333333333334 0.12 0.31666666666666665
7 0.58875 0.8258333333333333 0.4875 0.34833333333333333
7 0.546875 0.5666666666666667 0.4625 0.47833333333333333
7 0.525625 0.3441666666666667 0.3025 0.5233333333333333
7 0.205 0.4083333333333333 0.25125 0.56
7 0.253125 0.21333333333333335 0.30875 0.2683333333333333
7 0.1125 0.395 0.17375 0.3
7 0.113125 0.6975 0.22625 0.47833333333333333
5 0.166875 0.7916666666666666 0.30875 0.4166666666666667
5 0.40375 0.7991666666666667 0.4725 0.40166666666666667
7 0.689375 0.23 0.17625 0.22