11 0.169375 0.8575 0.25 0.15
10 0.1175 0.61 0.138125 0.4216666666666667
10 0.375625 0.6966666666666667 0.31375 0.41833333333333333
10 0.519375 0.43416666666666665 0.368125 0.21833333333333332
7 0.505625 0.6316666666666667 0.34875 0.3458333333333333
7 0.665625 0.7225 0.399375 0.4041666666666667
7 0.856875 0.7833333333333333 0.28625 0.20666666666666667
7 0.878125 0.5066666666666667 0.118125 0.23
0 0.71875 0.5191666666666667 0.1875 0.2525
7 0.7275 0.16166666666666665 0.18375 0.18083333333333335
7 0.38375 0.13333333333333333 0.21375 0.18
7 0.210625 0.5416666666666666 0.2675 0.515
10 0.2025 0.6483333333333333 0.16125 0.39416666666666667