7 0.29625 0.6241666666666666 0.5 0.345
7 0.453125 0.2375 0.30875 0.42
11 0.806875 0.92 0.31625 0.16
10 0.869375 0.6416666666666667 0.215 0.5533333333333333
8 0.595 0.7091666666666666 0.4375 0.5816666666666667
8 0.70375 0.69 0.33625 0.575
10 0.836875 0.30333333333333334 0.225 0.37333333333333335
10 0.639375 0.3516666666666667 0.44 0.30833333333333335
10 0.343125 0.06666666666666667 0.15875 0.13333333333333333
10 0.06 0.3541666666666667 0.11625 0.205
10 0.249375 0.25666666666666665 0.1125 0.15666666666666668
10 0.056875 0.6491666666666667 0.11375 0.43166666666666664
0 0.201875 0.44 0.25625 0.3283333333333333
10 0.398125 0.8666666666666667 0.51875 0.26666666666666666