10 0.484375 0.8608333333333333 0.50625 0.2783333333333333
10 0.740625 0.22916666666666666 0.125 0.15
10 0.57875 0.25916666666666666 0.33625 0.30833333333333335
10 0.398125 0.20166666666666666 0.25 0.27666666666666667
10 0.3675 0.09166666666666666 0.20875 0.15333333333333332
1 0.28875 0.23333333333333334 0.21375 0.32
10 0.23875 0.5108333333333334 0.31125 0.5483333333333333
1 0.13 0.49583333333333335 0.2225 0.54
11 0.130625 0.78 0.26125 0.23666666666666666
4 0.38125 0.605 0.39375 0.37833333333333335
4 0.394375 0.43166666666666664 0.29875 0.415
0 0.75125 0.6025 0.26125 0.34833333333333333
7 0.89875 0.6941666666666667 0.2025 0.485