0 0.68375 0.48333333333333334 0.265 0.3516666666666667
10 0.818125 0.59 0.3275 0.55
1 0.5175 0.7141666666666666 0.4675 0.5716666666666667
1 0.2825 0.5725 0.2925 0.5133333333333333
1 0.410625 0.4033333333333333 0.36125 0.4083333333333333
1 0.106875 0.4475 0.16875 0.35
10 0.215 0.8358333333333333 0.375 0.3283333333333333
10 0.10875 0.6225 0.2175 0.445
10 0.57375 0.20416666666666666 0.2025 0.35333333333333333
1 0.581875 0.1025 0.14625 0.16
10 0.201875 0.2891666666666667 0.18625 0.2966666666666667
1 0.859375 0.3925 0.1825 0.2866666666666667
4 0.355 0.2325 0.29625 0.30833333333333335
11 0.169375 0.9508333333333333 0.22375 0.09833333333333333