0 0.71375 0.52 0.195 0.265
7 0.595 0.44 0.269375 0.4058333333333333
1 0.5675 0.3125 0.304375 0.2175
10 0.660625 0.16333333333333333 0.078125 0.0775
1 0.350625 0.24416666666666667 0.146875 0.22083333333333333
10 0.27875 0.35083333333333333 0.236875 0.18333333333333332
4 0.28625 0.6491666666666667 0.24 0.39916666666666667
10 0.19625 0.62 0.180625 0.4008333333333333
1 0.13375 0.5958333333333333 0.1275 0.42583333333333334
1 0.4725 0.8208333333333333 0.41 0.2633333333333333
11 0.174375 0.8541666666666666 0.244375 0.14083333333333334
10 0.800625 0.7758333333333334 0.285 0.315
1 0.83375 0.5716666666666667 0.2 0.3425