10 0.41875 0.8541666666666666 0.48625 0.245
10 0.6575 0.7533333333333333 0.4125 0.40166666666666667
10 0.871875 0.6633333333333333 0.21125 0.4716666666666667
10 0.4975 0.3875 0.24 0.595
10 0.584375 0.075 0.15625 0.15
10 0.26125 0.10083333333333333 0.30125 0.18
10 0.334375 0.18083333333333335 0.28125 0.16833333333333333
11 0.10125 0.8233333333333334 0.2025 0.17666666666666667
0 0.67375 0.48 0.23 0.305
6 0.47 0.2733333333333333 0.4375 0.33
5 0.20375 0.585 0.28875 0.5816666666666667
5 0.090625 0.5475 0.18125 0.5716666666666667
10 0.83875 0.42333333333333334 0.13125 0.19833333333333333