10 0.515625 0.39 0.3375 0.21333333333333335
10 0.578125 0.2625 0.2225 0.13833333333333334
10 0.615 0.15083333333333335 0.146875 0.09333333333333334
10 0.35125 0.28 0.3225 0.21166666666666667
10 0.15125 0.4141666666666667 0.14 0.335
10 0.639375 0.7075 0.37375 0.33166666666666667
10 0.895 0.675 0.1475 0.4325
10 0.843125 0.49333333333333335 0.088125 0.1325
11 0.16625 0.8525 0.251875 0.1475
0 0.710625 0.5116666666666667 0.2 0.25833333333333336
1 0.455625 0.7125 0.4175 0.4608333333333333
10 0.250625 0.5883333333333334 0.31125 0.23
5 0.170625 0.6725 0.2575 0.31166666666666665