7 0.08 0.4508333333333333 0.16 0.355
7 0.380625 0.19833333333333333 0.29 0.29
5 0.82 0.6075 0.24625 0.6083333333333333
5 0.92 0.6366666666666667 0.16 0.5083333333333333
11 0.805625 0.8866666666666667 0.27125 0.18
10 0.656875 0.6525 0.35 0.5633333333333334
10 0.314375 0.8175 0.43 0.2733333333333333
10 0.333125 0.5516666666666666 0.39375 0.42333333333333334
10 0.480625 0.3425 0.42125 0.23333333333333334
10 0.565625 0.23083333333333333 0.30125 0.20166666666666666
4 0.135625 0.6975 0.27125 0.31166666666666665
0 0.25375 0.44916666666666666 0.22 0.265
1 0.72125 0.25916666666666666 0.2325 0.2966666666666667