5 0.851875 0.6416666666666667 0.29625 0.65
6 0.40125 0.76 0.35 0.48
6 0.144375 0.7958333333333333 0.27625 0.4083333333333333
6 0.1325 0.7408333333333333 0.26125 0.43
6 0.52375 0.6516666666666666 0.48375 0.4083333333333333
6 0.4875 0.32916666666666666 0.41875 0.43833333333333335
6 0.42 0.29083333333333333 0.3325 0.4116666666666667
6 0.304375 0.2025 0.16625 0.25333333333333335
7 0.8 0.175 0.29 0.35
11 0.905625 0.8891666666666667 0.18875 0.13833333333333334
10 0.944375 0.6166666666666667 0.11125 0.49333333333333335