7 0.414375 0.2125 0.41125 0.2866666666666667
7 0.26625 0.30916666666666665 0.29875 0.27166666666666667
7 0.5025 0.6341666666666667 0.3825 0.49
7 0.91 0.6525 0.18 0.49166666666666664
6 0.90375 0.5408333333333334 0.1925 0.31833333333333336
6 0.7425 0.7175 0.2875 0.55
5 0.27125 0.6783333333333333 0.33875 0.6033333333333334
5 0.148125 0.6583333333333333 0.2775 0.5333333333333333
5 0.0825 0.6066666666666667 0.165 0.6
11 0.1375 0.9125 0.25 0.175
0 0.726875 0.49833333333333335 0.21875 0.30833333333333335
10 0.650625 0.1075 0.16125 0.17333333333333334
4 0.17625 0.15416666666666667 0.1275 0.15166666666666667