11 0.855 0.8783333333333333 0.26625 0.17166666666666666
4 0.6825 0.5941666666666666 0.33625 0.5283333333333333
10 0.634375 0.52 0.41 0.45666666666666667
1 0.4625 0.25583333333333336 0.3475 0.25666666666666665
10 0.361875 0.09916666666666667 0.09125 0.09
1 0.694375 0.21083333333333334 0.16625 0.25
1 0.774375 0.2775 0.21875 0.225
10 0.85 0.6375 0.19125 0.475
1 0.914375 0.6 0.1475 0.48833333333333334
0 0.290625 0.4775 0.225 0.29833333333333334
1 0.154375 0.5225 0.2225 0.395
10 0.185625 0.7466666666666667 0.32 0.37166666666666665
1 0.535 0.8216666666666667 0.4525 0.3233333333333333