7 0.7125 0.5991666666666666 0.476875 0.31583333333333335
7 0.618125 0.09916666666666667 0.218125 0.18
7 0.248125 0.61 0.186875 0.5558333333333333
11 0.17125 0.8516666666666667 0.241875 0.135
10 0.296875 0.18583333333333332 0.201875 0.14333333333333334
10 0.444375 0.2625 0.340625 0.1775
10 0.314375 0.35 0.26125 0.23166666666666666
10 0.810625 0.8025 0.311875 0.26666666666666666
10 0.47875 0.825 0.433125 0.2791666666666667
10 0.868125 0.5341666666666667 0.105625 0.31166666666666665
8 0.19 0.63 0.22875 0.4125
0 0.709375 0.5175 0.191875 0.25583333333333336