7 0.508125 0.4008333333333333 0.2975 0.4091666666666667
7 0.92375 0.64 0.1525 0.4691666666666667
5 0.219375 0.6325 0.159375 0.5183333333333333
7 0.141875 0.6316666666666667 0.105625 0.4241666666666667
0 0.7125 0.5166666666666667 0.18875 0.26666666666666666
11 0.17125 0.8541666666666666 0.248125 0.14583333333333334
10 0.483125 0.7791666666666667 0.418125 0.295
10 0.81625 0.745 0.24125 0.305
10 0.6225 0.275 0.15625 0.14333333333333334
1 0.61125 0.1775 0.15625 0.11916666666666667
10 0.414375 0.275 0.30125 0.1625
10 0.323125 0.19 0.2025 0.1175
10 0.200625 0.30916666666666665 0.1575 0.22166666666666668