4 0.22375 0.21666666666666667 0.2575 0.31333333333333335
5 0.18125 0.5408333333333334 0.31875 0.66
7 0.32875 0.08083333333333333 0.265 0.16166666666666665
7 0.55125 0.16333333333333333 0.405 0.32666666666666666
7 0.809375 0.14833333333333334 0.25125 0.19666666666666666
7 0.934375 0.6491666666666667 0.13125 0.405
7 0.681875 0.785 0.52375 0.43
7 0.51 0.6 0.5325 0.575
10 0.424375 0.45 0.4675 0.4766666666666667
10 0.914375 0.8233333333333334 0.13875 0.35333333333333333
11 0.12875 0.7575 0.2575 0.25166666666666665
0 0.7925 0.5583333333333333 0.2675 0.3516666666666667