4 0.470625 0.8725 0.50125 0.255
5 0.8625 0.5458333333333333 0.19625 0.555
7 0.51875 0.5175 0.2975 0.58
7 0.78625 0.1625 0.155 0.2916666666666667
10 0.506875 0.3575 0.34125 0.29333333333333333
10 0.44125 0.2791666666666667 0.31625 0.25666666666666665
10 0.37 0.15833333333333333 0.16375 0.15666666666666668
10 0.1875 0.6516666666666666 0.175 0.445
10 0.821875 0.6808333333333333 0.3325 0.24833333333333332
11 0.87375 0.8 0.2525 0.19333333333333333
0 0.29375 0.5283333333333333 0.225 0.29833333333333334
1 0.13 0.735 0.2025 0.43666666666666665