5 0.244375 0.6841666666666667 0.27375 0.6316666666666667
7 0.245 0.1725 0.255 0.2866666666666667
7 0.58875 0.18833333333333332 0.31375 0.3383333333333333
6 0.536875 0.315 0.44125 0.3516666666666667
6 0.9225 0.5166666666666667 0.155 0.42
6 0.51125 0.5908333333333333 0.59625 0.495
6 0.670625 0.7008333333333333 0.45625 0.5983333333333334
4 0.86 0.6175 0.28 0.6116666666666667
0 0.778125 0.4375 0.24625 0.33166666666666667
11 0.2125 0.9258333333333333 0.295 0.14833333333333334
10 0.155 0.5758333333333333 0.2575 0.5366666666666666