0 0.736875 0.5016666666666667 0.22875 0.33
11 0.131875 0.855 0.26375 0.18
7 0.555625 0.8866666666666667 0.58625 0.22666666666666666
7 0.8375 0.7766666666666666 0.32 0.3566666666666667
6 0.88125 0.6491666666666667 0.2375 0.36833333333333335
6 0.58375 0.25666666666666665 0.3225 0.3516666666666667
7 0.3275 0.19583333333333333 0.2675 0.2833333333333333
5 0.205625 0.5683333333333334 0.21375 0.67
10 0.49375 0.5725 0.3375 0.4683333333333333
10 0.080625 0.5958333333333333 0.125 0.4766666666666667
10 0.164375 0.22083333333333333 0.13875 0.31833333333333336
10 0.32625 0.10666666666666667 0.225 0.13