0 0.70625 0.5133333333333333 0.196875 0.245
11 0.17125 0.8533333333333334 0.250625 0.14583333333333334
10 0.341875 0.7433333333333333 0.363125 0.2125
10 0.6275 0.66 0.374375 0.31583333333333335
10 0.52125 0.8458333333333333 0.468125 0.24333333333333335
1 0.893125 0.6591666666666667 0.149375 0.435
10 0.624375 0.3408333333333333 0.15 0.135
1 0.6375 0.19166666666666668 0.120625 0.135
10 0.315625 0.20166666666666666 0.253125 0.145
5 0.166875 0.6 0.200625 0.5233333333333333
10 0.168125 0.3641666666666667 0.121875 0.1975
7 0.424375 0.4033333333333333 0.325625 0.38666666666666666
1 0.37625 0.285 0.303125 0.1575