7 0.73125 0.6958333333333333 0.31625 0.415
0 0.714375 0.5191666666666667 0.201875 0.2683333333333333
11 0.169375 0.8558333333333333 0.246875 0.15916666666666668
10 0.135 0.6116666666666667 0.14125 0.42083333333333334
10 0.2525 0.6316666666666667 0.2 0.4166666666666667
10 0.639375 0.205 0.104375 0.12666666666666668
10 0.781875 0.8583333333333333 0.37375 0.20333333333333334
7 0.55875 0.61 0.17 0.6366666666666667
7 0.91625 0.6158333333333333 0.1375 0.3541666666666667
5 0.3575 0.6783333333333333 0.298125 0.4375
7 0.496875 0.34 0.369375 0.22916666666666666
7 0.25625 0.2 0.249375 0.23
4 0.4375 0.215 0.27 0.26166666666666666