11 0.190625 0.8966666666666666 0.2475 0.18166666666666667
10 0.15 0.6158333333333333 0.22125 0.5033333333333333
5 0.233125 0.6625 0.21125 0.5683333333333334
6 0.515 0.5683333333333334 0.455 0.3433333333333333
6 0.699375 0.7 0.23125 0.5116666666666667
6 0.873125 0.6341666666666667 0.25375 0.42833333333333334
6 0.859375 0.39916666666666667 0.175 0.21833333333333332
6 0.565625 0.24333333333333335 0.29125 0.3616666666666667
6 0.49875 0.38166666666666665 0.37875 0.23166666666666666
7 0.451875 0.7825 0.48875 0.4033333333333333
10 0.193125 0.72 0.18125 0.3616666666666667