11 0.19625 0.9008333333333334 0.25375 0.175
0 0.72375 0.4975 0.21 0.3016666666666667
7 0.375 0.8141666666666667 0.455 0.3516666666666667
6 0.555625 0.6158333333333333 0.3725 0.3883333333333333
6 0.69125 0.7133333333333334 0.24125 0.5083333333333333
6 0.87125 0.6341666666666667 0.2575 0.4216666666666667
6 0.880625 0.5208333333333334 0.23875 0.31833333333333336
7 0.43875 0.4008333333333333 0.2425 0.43666666666666665
7 0.55375 0.29833333333333334 0.26 0.39666666666666667
5 0.184375 0.6508333333333334 0.3175 0.47833333333333333
10 0.19 0.38 0.22625 0.31833333333333336
10 0.29 0.20333333333333334 0.2325 0.16