0 0.775 0.4216666666666667 0.26875 0.3566666666666667
10 0.9125 0.36583333333333334 0.1375 0.24666666666666667
10 0.94375 0.5258333333333334 0.1125 0.5116666666666667
10 0.783125 0.6175 0.43375 0.3616666666666667
10 0.355 0.74 0.2975 0.52
10 0.531875 0.22666666666666666 0.3475 0.2683333333333333
10 0.606875 0.07666666666666666 0.16125 0.15333333333333332
4 0.193125 0.605 0.22375 0.36666666666666664
4 0.23125 0.42083333333333334 0.3575 0.41333333333333333
4 0.4925 0.395 0.3275 0.395
7 0.218125 0.2775 0.3275 0.315
1 0.695 0.7708333333333334 0.59 0.4583333333333333
11 0.263125 0.9333333333333333 0.29625 0.13333333333333333