7 0.53 0.585 0.443125 0.3375
5 0.15625 0.625 0.2625 0.4116666666666667
11 0.1675 0.8516666666666667 0.253125 0.14916666666666667
10 0.36 0.7616666666666667 0.39125 0.21166666666666667
10 0.81125 0.7116666666666667 0.325 0.2991666666666667
10 0.8775 0.555 0.163125 0.30083333333333334
10 0.598125 0.39416666666666667 0.255625 0.245
10 0.50125 0.2825 0.31 0.17083333333333334
10 0.29625 0.18833333333333332 0.22125 0.14166666666666666
10 0.36125 0.37333333333333335 0.30375 0.18416666666666667
10 0.194375 0.36833333333333335 0.195 0.3375
0 0.709375 0.5075 0.195 0.245
4 0.653125 0.18666666666666668 0.140625 0.17666666666666667