5 0.180625 0.7191666666666666 0.290625 0.3725
11 0.170625 0.8541666666666666 0.24625 0.1525
10 0.185625 0.37833333333333335 0.105625 0.3441666666666667
6 0.871875 0.675 0.249375 0.395
6 0.88125 0.5725 0.2375 0.2916666666666667
6 0.614375 0.7233333333333334 0.3175 0.5041666666666667
6 0.52125 0.5991666666666666 0.415625 0.3325
6 0.505 0.3566666666666667 0.39125 0.27
6 0.58125 0.26916666666666667 0.26 0.32083333333333336
6 0.675 0.18333333333333332 0.104375 0.225
7 0.229375 0.37166666666666665 0.128125 0.35583333333333333