7 0.52625 0.5241666666666667 0.47875 0.39666666666666667
4 0.455 0.3516666666666667 0.32125 0.24333333333333335
4 0.33375 0.32416666666666666 0.1625 0.255
10 0.40875 0.8275 0.42 0.345
10 0.793125 0.7458333333333333 0.41375 0.4483333333333333
10 0.730625 0.4041666666666667 0.2425 0.42
10 0.845 0.3541666666666667 0.2275 0.47833333333333333
10 0.62 0.21416666666666667 0.23125 0.2683333333333333
6 0.15125 0.7775 0.2875 0.445
0 0.289375 0.6058333333333333 0.23625 0.31833333333333336
11 0.884375 0.7966666666666666 0.23125 0.22
7 0.06375 0.5541666666666667 0.12125 0.20833333333333334
10 0.3075 0.22083333333333333 0.14875 0.14833333333333334