0 0.7175 0.5225 0.18625 0.2525
11 0.174375 0.855 0.24375 0.14416666666666667
1 0.57125 0.8208333333333333 0.48625 0.2916666666666667
10 0.499375 0.465 0.30375 0.2758333333333333
10 0.55 0.2675 0.270625 0.15666666666666668
10 0.628125 0.16 0.133125 0.09583333333333334
10 0.286875 0.69 0.15 0.495
10 0.184375 0.61 0.145625 0.425
10 0.703125 0.6966666666666667 0.401875 0.19583333333333333
1 0.900625 0.6758333333333333 0.141875 0.44166666666666665
10 0.84375 0.5108333333333334 0.08875 0.19333333333333333
4 0.256875 0.3175 0.214375 0.30583333333333335
7 0.309375 0.23416666666666666 0.236875 0.19166666666666668