10 0.734375 0.8083333333333333 0.4025 0.2525
10 0.623125 0.16416666666666666 0.124375 0.105
10 0.204375 0.2991666666666667 0.135 0.31666666666666665
8 0.309375 0.6983333333333334 0.205625 0.48333333333333334
11 0.17 0.855 0.245 0.145
0 0.705625 0.5191666666666667 0.19625 0.2633333333333333
7 0.899375 0.5258333333333334 0.19625 0.34833333333333333
7 0.47375 0.3925 0.39625 0.24583333333333332
7 0.28375 0.20666666666666667 0.111875 0.28833333333333333
7 0.11 0.5608333333333333 0.1575 0.4816666666666667
6 0.48375 0.6083333333333333 0.44875 0.2866666666666667
4 0.46625 0.3433333333333333 0.261875 0.25
4 0.495 0.21166666666666667 0.266875 0.15