11 0.866875 0.8533333333333334 0.26375 0.16666666666666666
10 0.779375 0.6308333333333334 0.3325 0.2833333333333333
10 0.38875 0.6408333333333334 0.30875 0.495
10 0.130625 0.7008333333333333 0.20875 0.43
7 0.089375 0.5175 0.1425 0.3
10 0.66125 0.37666666666666665 0.29875 0.2966666666666667
10 0.72875 0.22833333333333333 0.265 0.16333333333333333
10 0.7075 0.14416666666666667 0.245 0.125
7 0.3375 0.23083333333333333 0.19625 0.3433333333333333
7 0.4025 0.1075 0.25 0.18
5 0.629375 0.7341666666666666 0.4425 0.3616666666666667
0 0.303125 0.5216666666666666 0.2125 0.265
1 0.613125 0.4266666666666667 0.23625 0.435