10 0.655625 0.12333333333333334 0.215 0.19
10 0.900625 0.5091666666666667 0.19875 0.475
5 0.809375 0.5416666666666666 0.3275 0.6083333333333333
5 0.685625 0.6733333333333333 0.44 0.545
7 0.585625 0.8666666666666667 0.53125 0.26666666666666666
7 0.38 0.22583333333333333 0.3575 0.3416666666666667
7 0.3675 0.3125 0.34 0.3233333333333333
6 0.16125 0.7941666666666667 0.295 0.4116666666666667
6 0.4775 0.46166666666666667 0.455 0.37
6 0.42875 0.7016666666666667 0.435 0.47833333333333333
0 0.2775 0.6091666666666666 0.25125 0.335
11 0.90125 0.7683333333333333 0.1975 0.21666666666666667