0 0.29625 0.4775 0.22 0.27666666666666667
11 0.8125 0.8991666666666667 0.26625 0.18333333333333332
10 0.648125 0.7641666666666667 0.385 0.26666666666666666
10 0.365 0.6375 0.405 0.37333333333333335
10 0.4575 0.8416666666666667 0.495 0.315
1 0.095 0.5991666666666666 0.18625 0.4633333333333333
10 0.393125 0.31416666666666665 0.16375 0.15833333333333333
1 0.391875 0.16166666666666665 0.13375 0.15333333333333332
10 0.7175 0.21666666666666667 0.26875 0.18333333333333332
5 0.836875 0.6425 0.24625 0.56
10 0.855 0.4033333333333333 0.14 0.21833333333333332
7 0.59125 0.4066666666666667 0.36125 0.44
1 0.649375 0.2925 0.32 0.20333333333333334