5 0.219375 0.6533333333333333 0.365 0.5483333333333333
7 0.48625 0.30666666666666664 0.40875 0.385
11 0.11875 0.8666666666666667 0.2375 0.17333333333333334
1 0.26125 0.7158333333333333 0.29125 0.5233333333333333
10 0.620625 0.76 0.47875 0.48
4 0.2725 0.235 0.2775 0.34
10 0.304375 0.15833333333333333 0.2325 0.16
0 0.735625 0.6183333333333333 0.24875 0.325
1 0.828125 0.7683333333333333 0.28875 0.4633333333333333
1 0.56375 0.8833333333333333 0.445 0.23333333333333334
1 0.91 0.7758333333333334 0.1725 0.4483333333333333
1 0.5875 0.4125 0.40625 0.2816666666666667
1 0.725 0.2916666666666667 0.16875 0.21166666666666667
1 0.148125 0.5975 0.29625 0.5716666666666667