7 0.474375 0.36666666666666664 0.274375 0.455
0 0.71625 0.5183333333333333 0.1975 0.26166666666666666
10 0.816875 0.7733333333333333 0.263125 0.32083333333333336
10 0.49875 0.8433333333333334 0.430625 0.24083333333333334
10 0.204375 0.6158333333333333 0.186875 0.4191666666666667
1 0.3475 0.23833333333333334 0.139375 0.2125
10 0.551875 0.305 0.288125 0.1925
10 0.63 0.19583333333333333 0.135625 0.14583333333333334
10 0.2875 0.3308333333333333 0.2 0.2275
1 0.13625 0.5966666666666667 0.13125 0.4375
1 0.843125 0.5708333333333333 0.179375 0.3525
11 0.173125 0.8525 0.24375 0.14333333333333334