7 0.45125 0.25083333333333335 0.349375 0.22583333333333333
7 0.31875 0.32666666666666666 0.251875 0.22
7 0.51375 0.6233333333333333 0.3175 0.405
7 0.89875 0.665 0.2025 0.41833333333333333
6 0.89375 0.5675 0.211875 0.2658333333333333
6 0.72 0.7225 0.233125 0.4866666666666667
5 0.310625 0.6483333333333333 0.275625 0.5075
5 0.204375 0.6233333333333333 0.225 0.45
5 0.118125 0.5741666666666667 0.186875 0.5141666666666667
11 0.17125 0.85 0.24375 0.14916666666666667
0 0.71375 0.5191666666666667 0.18 0.25583333333333336
10 0.66 0.17416666666666666 0.135625 0.14166666666666666
4 0.24625 0.18583333333333332 0.10625 0.12416666666666666