7 0.555625 0.3225 0.33 0.23666666666666666
7 0.355 0.6225 0.3725 0.4841666666666667
7 0.215625 0.65 0.245 0.36083333333333334
5 0.10125 0.5941666666666666 0.158125 0.45416666666666666
11 0.168125 0.8491666666666666 0.255625 0.15666666666666668
10 0.433125 0.8475 0.3925 0.25
10 0.739375 0.8375 0.3475 0.2375
1 0.88625 0.6408333333333334 0.16125 0.4041666666666667
10 0.653125 0.17583333333333334 0.180625 0.13416666666666666
10 0.493125 0.2791666666666667 0.328125 0.17
10 0.2275 0.27166666666666667 0.171875 0.2775
10 0.32 0.2783333333333333 0.265625 0.2833333333333333
0 0.706875 0.52 0.19625 0.25916666666666666