4 0.8225 0.49 0.22625 0.27666666666666667
5 0.76 0.7375 0.2825 0.525
7 0.800625 0.26666666666666666 0.24125 0.27666666666666667
7 0.5875 0.2658333333333333 0.35375 0.31333333333333335
7 0.39625 0.10833333333333334 0.2375 0.21666666666666667
7 0.1025 0.43583333333333335 0.20125 0.375
7 0.285625 0.7216666666666667 0.45875 0.455
7 0.486875 0.6358333333333334 0.46625 0.51
10 0.5975 0.565 0.40875 0.4216666666666667
10 0.08 0.6033333333333334 0.16 0.39
11 0.754375 0.93 0.26875 0.14
0 0.28 0.45416666666666666 0.23625 0.31