0 0.218125 0.6058333333333333 0.2425 0.3283333333333333
1 0.105625 0.6808333333333333 0.21125 0.4116666666666667
10 0.166875 0.8508333333333333 0.29625 0.29833333333333334
1 0.51125 0.8691666666666666 0.485 0.26166666666666666
4 0.503125 0.5516666666666666 0.32375 0.5816666666666667
4 0.711875 0.6158333333333333 0.27625 0.5683333333333334
10 0.825625 0.615 0.2175 0.47333333333333333
1 0.87125 0.5816666666666667 0.185 0.52
10 0.6925 0.32166666666666666 0.2775 0.2
1 0.356875 0.3225 0.3525 0.27
10 0.24375 0.1975 0.09625 0.10166666666666667
1 0.59375 0.2275 0.1825 0.25833333333333336
11 0.8525 0.8716666666666667 0.285 0.19166666666666668