11 0.17 0.8575 0.25 0.14833333333333334
10 0.25 0.6391666666666667 0.31375 0.25916666666666666
10 0.62625 0.6325 0.285625 0.4633333333333333
10 0.87625 0.6775 0.190625 0.4066666666666667
7 0.91125 0.5 0.13 0.2833333333333333
10 0.356875 0.39 0.280625 0.2733333333333333
10 0.288125 0.25 0.25125 0.14583333333333334
10 0.30625 0.1675 0.233125 0.11
7 0.665 0.23416666666666666 0.180625 0.3233333333333333
7 0.599375 0.11916666666666667 0.2375 0.1625
5 0.39625 0.7316666666666667 0.418125 0.33
0 0.705625 0.5125 0.19875 0.24666666666666667
1 0.404375 0.435 0.216875 0.4091666666666667