10 0.50625 0.5541666666666667 0.41375 0.5266666666666666
10 0.196875 0.27666666666666667 0.23875 0.20166666666666666
10 0.5575 0.8958333333333334 0.5075 0.20833333333333334
7 0.874375 0.645 0.25125 0.4866666666666667
7 0.395625 0.30916666666666665 0.41875 0.39666666666666667
7 0.618125 0.22 0.215 0.4
7 0.598125 0.06416666666666666 0.22875 0.12833333333333333
7 0.308125 0.7008333333333333 0.26375 0.5983333333333334
7 0.0775 0.7508333333333334 0.155 0.49833333333333335
4 0.136875 0.675 0.27375 0.56
0 0.725 0.5158333333333334 0.2625 0.3566666666666667
11 0.191875 0.9783333333333334 0.24125 0.043333333333333335