5 0.731875 0.5583333333333333 0.355 0.715
11 0.87125 0.795 0.2575 0.23666666666666666
10 0.458125 0.8658333333333333 0.51625 0.2683333333333333
10 0.41125 0.6183333333333333 0.40375 0.5666666666666667
10 0.316875 0.4091666666666667 0.23375 0.37833333333333335
10 0.73125 0.19083333333333333 0.21375 0.33666666666666667
10 0.72625 0.6341666666666667 0.40875 0.44
1 0.609375 0.17333333333333334 0.32 0.315
1 0.68625 0.3408333333333333 0.3625 0.34833333333333333
1 0.435 0.33916666666666667 0.33125 0.34
1 0.151875 0.7433333333333333 0.30375 0.5133333333333333
0 0.245625 0.6125 0.25625 0.35
1 0.858125 0.5533333333333333 0.28 0.43