11 0.171875 0.8508333333333333 0.24375 0.13916666666666666
10 0.235 0.7641666666666667 0.33375 0.22083333333333333
10 0.234375 0.2808333333333333 0.124375 0.2816666666666667
7 0.319375 0.36333333333333334 0.284375 0.2475
7 0.533125 0.26916666666666667 0.360625 0.22583333333333333
7 0.65625 0.17333333333333334 0.12 0.215
7 0.494375 0.45166666666666666 0.4075 0.285
6 0.528125 0.675 0.374375 0.44
6 0.64625 0.7183333333333334 0.245 0.4325
6 0.8675 0.6033333333333334 0.265 0.20333333333333334
10 0.841875 0.7091666666666666 0.260625 0.285
0 0.728125 0.5066666666666667 0.1925 0.23583333333333334
6 0.841875 0.45666666666666667 0.134375 0.16333333333333333