7 0.12 0.37916666666666665 0.24 0.4083333333333333
7 0.5475 0.06416666666666666 0.235 0.12833333333333333
7 0.41125 0.1625 0.38375 0.275
6 0.48625 0.2733333333333333 0.37125 0.33666666666666667
6 0.440625 0.38166666666666665 0.445 0.3516666666666667
6 0.459375 0.625 0.5075 0.4583333333333333
6 0.86875 0.5658333333333333 0.2625 0.485
6 0.76375 0.6925 0.25 0.5433333333333333
6 0.613125 0.7125 0.33875 0.575
7 0.0775 0.6858333333333333 0.155 0.5216666666666666
11 0.148125 0.9358333333333333 0.21125 0.12833333333333333