5 0.208125 0.6516666666666666 0.1925 0.5325
5 0.109375 0.6133333333333333 0.13375 0.5191666666666667
7 0.268125 0.195 0.213125 0.22583333333333333
11 0.174375 0.8558333333333333 0.2425 0.14416666666666667
10 0.46 0.3908333333333333 0.288125 0.37916666666666665
10 0.6425 0.27166666666666667 0.128125 0.22416666666666665
10 0.4975 0.5375 0.318125 0.4225
10 0.605625 0.855 0.401875 0.21833333333333332
10 0.671875 0.6633333333333333 0.425625 0.25583333333333336
7 0.334375 0.685 0.27375 0.5691666666666667
0 0.711875 0.5158333333333334 0.195 0.2658333333333333
1 0.863125 0.6725 0.148125 0.4508333333333333