11 0.183125 0.9058333333333334 0.25875 0.17833333333333334
0 0.71 0.5016666666666667 0.21625 0.2916666666666667
10 0.590625 0.7816666666666666 0.425 0.43166666666666664
10 0.460625 0.7083333333333334 0.43375 0.44333333333333336
8 0.219375 0.6908333333333333 0.16875 0.53
10 0.14875 0.6866666666666666 0.1475 0.43166666666666664
10 0.285 0.5166666666666667 0.16 0.45166666666666666
10 0.461875 0.4716666666666667 0.285 0.49333333333333335
10 0.378125 0.2808333333333333 0.34375 0.205
10 0.286875 0.21833333333333332 0.26125 0.17
1 0.625 0.3016666666666667 0.13125 0.18833333333333332
10 0.84125 0.4925 0.10625 0.23333333333333334
1 0.9175 0.6341666666666667 0.165 0.47833333333333333