6 0.5525 0.6275 0.324375 0.3616666666666667
4 0.56 0.8541666666666666 0.386875 0.2175
10 0.481875 0.43166666666666664 0.37 0.21666666666666667
10 0.248125 0.37166666666666665 0.12 0.32416666666666666
10 0.3075 0.18833333333333332 0.223125 0.125
10 0.305 0.7241666666666666 0.32125 0.25
10 0.14125 0.6075 0.154375 0.4241666666666667
1 0.8925 0.6541666666666667 0.165 0.4175
0 0.710625 0.5225 0.191875 0.2633333333333333
7 0.476875 0.2791666666666667 0.334375 0.1875
7 0.648125 0.1575 0.149375 0.1675
11 0.1725 0.8541666666666666 0.241875 0.14083333333333334