11 0.133125 0.775 0.26625 0.21666666666666667
5 0.39375 0.7458333333333333 0.56625 0.3416666666666667
5 0.1075 0.5258333333333334 0.215 0.5816666666666667
7 0.294375 0.2758333333333333 0.35125 0.5516666666666666
7 0.4575 0.05 0.31 0.1
4 0.761875 0.07583333333333334 0.2125 0.10666666666666667
7 0.661875 0.165 0.23125 0.31333333333333335
7 0.946875 0.6166666666666667 0.10625 0.5266666666666666
7 0.746875 0.5925 0.4675 0.41
7 0.741875 0.25583333333333336 0.25875 0.31166666666666665
6 0.555 0.405 0.52 0.35333333333333333
4 0.205 0.22333333333333333 0.1625 0.305
0 0.783125 0.4725 0.24125 0.31