10 0.50625 0.39 0.38 0.3283333333333333
10 0.4675 0.24 0.25 0.21333333333333335
10 0.45125 0.11583333333333333 0.16625 0.14333333333333334
10 0.6925 0.33416666666666667 0.36375 0.32166666666666666
10 0.868125 0.5358333333333334 0.20375 0.38333333333333336
10 0.3225 0.6675 0.43875 0.4583333333333333
10 0.093125 0.5491666666666667 0.18625 0.485
10 0.156875 0.38416666666666666 0.11375 0.16333333333333333
11 0.770625 0.9275 0.28125 0.145
0 0.286875 0.44666666666666666 0.25 0.32666666666666666
1 0.50625 0.7158333333333333 0.5075 0.5683333333333334
10 0.73625 0.6783333333333333 0.35625 0.335
5 0.800625 0.79 0.31875 0.4