11 0.171875 0.8541666666666666 0.245 0.14583333333333334
6 0.80125 0.7208333333333333 0.1725 0.46166666666666667
6 0.88625 0.6691666666666667 0.2275 0.36833333333333335
0 0.711875 0.5233333333333333 0.19875 0.26666666666666666
10 0.559375 0.4275 0.299375 0.32666666666666666
10 0.498125 0.27 0.285 0.17666666666666667
10 0.31875 0.185 0.1925 0.12166666666666667
10 0.350625 0.3233333333333333 0.264375 0.23083333333333333
10 0.185625 0.31 0.100625 0.28833333333333333
8 0.215 0.6491666666666667 0.194375 0.445
10 0.428125 0.83 0.425 0.27416666666666667
4 0.11875 0.5775 0.12375 0.44916666666666666