11 0.86 0.8408333333333333 0.28 0.18833333333333332
10 0.6525 0.7791666666666667 0.435 0.2833333333333333
10 0.69 0.2683333333333333 0.2775 0.22666666666666666
10 0.659375 0.135 0.2425 0.13666666666666666
10 0.4425 0.235 0.3325 0.16666666666666666
10 0.390625 0.3466666666666667 0.35625 0.20833333333333334
7 0.7725 0.63 0.2175 0.63
6 0.480625 0.5616666666666666 0.43875 0.32166666666666666
6 0.328125 0.7416666666666667 0.34375 0.5166666666666667
6 0.106875 0.7325 0.21 0.39166666666666666
6 0.10125 0.49416666666666664 0.17625 0.23333333333333334
0 0.254375 0.54 0.24625 0.3016666666666667
10 0.310625 0.15666666666666668 0.145 0.145
8 0.885 0.5808333333333333 0.22 0.5033333333333333