10 0.34625 0.2725 0.1475 0.295
10 0.20125 0.295 0.14375 0.29583333333333334
4 0.535625 0.8658333333333333 0.415625 0.19666666666666666
11 0.16875 0.8525 0.24875 0.14166666666666666
0 0.710625 0.5116666666666667 0.20375 0.24416666666666667
1 0.3275 0.6983333333333334 0.34625 0.3258333333333333
7 0.57 0.32416666666666666 0.34375 0.285
7 0.503125 0.26666666666666666 0.285625 0.32416666666666666
7 0.68375 0.125 0.16125 0.17166666666666666
7 0.5575 0.6908333333333333 0.478125 0.2841666666666667
6 0.88 0.6116666666666667 0.24 0.32666666666666666
7 0.856875 0.8125 0.263125 0.165
5 0.094375 0.5925 0.1575 0.4625