7 0.620625 0.225 0.385 0.33
7 0.12625 0.6183333333333333 0.2525 0.6066666666666667
6 0.34875 0.6483333333333333 0.4425 0.3883333333333333
7 0.925 0.71 0.15 0.5466666666666666
11 0.825625 0.9433333333333334 0.24625 0.11333333333333333
10 0.485 0.8491666666666666 0.49 0.3016666666666667
7 0.094375 0.3333333333333333 0.185 0.265
10 0.701875 0.45166666666666666 0.44 0.34
10 0.4325 0.13583333333333333 0.1475 0.15666666666666668
10 0.890625 0.39166666666666666 0.19375 0.36
10 0.7875 0.29583333333333334 0.28 0.32666666666666666
0 0.304375 0.495 0.25375 0.32166666666666666
1 0.80375 0.76 0.2725 0.48