1 0.475625 0.445 0.37875 0.5016666666666667
10 0.491875 0.2075 0.30875 0.205
10 0.71375 0.37583333333333335 0.25125 0.45666666666666667
10 0.735 0.16666666666666666 0.21625 0.15333333333333332
10 0.629375 0.5383333333333333 0.4025 0.475
10 0.43 0.8641666666666666 0.495 0.27166666666666667
7 0.2025 0.6966666666666667 0.405 0.33
6 0.16125 0.5566666666666666 0.3225 0.37333333333333335
0 0.245 0.44583333333333336 0.235 0.31
4 0.821875 0.31583333333333335 0.18375 0.37666666666666665
4 0.870625 0.5658333333333333 0.23875 0.40166666666666667
7 0.76125 0.7841666666666667 0.31125 0.23333333333333334
11 0.806875 0.9066666666666666 0.28375 0.18666666666666668