5 0.3625 0.7083333333333334 0.35125 0.3983333333333333
7 0.134375 0.5983333333333334 0.166875 0.37583333333333335
0 0.70875 0.515 0.195 0.27416666666666667
11 0.168125 0.8525 0.24875 0.14166666666666666
10 0.70625 0.8675 0.33875 0.19666666666666666
10 0.87625 0.6708333333333333 0.190625 0.41083333333333333
10 0.895625 0.5916666666666667 0.16 0.3725
10 0.44625 0.495 0.33125 0.22416666666666665
10 0.5075 0.3466666666666667 0.356875 0.14166666666666666
10 0.66875 0.16583333333333333 0.138125 0.11583333333333333
10 0.451875 0.2525 0.29625 0.1025
10 0.320625 0.1825 0.251875 0.11
10 0.25625 0.35583333333333333 0.144375 0.2825