0 0.28375 0.5291666666666667 0.2425 0.30333333333333334
4 0.778125 0.1425 0.1725 0.23
4 0.066875 0.7225 0.13375 0.515
7 0.2125 0.7858333333333334 0.39 0.31166666666666665
7 0.47125 0.30333333333333334 0.3875 0.41833333333333333
7 0.4975 0.20083333333333334 0.34375 0.39666666666666667
7 0.539375 0.6341666666666667 0.35125 0.7316666666666667
5 0.794375 0.61 0.2975 0.675
5 0.8925 0.5441666666666667 0.215 0.6683333333333333
5 0.963125 0.5566666666666666 0.07375 0.5666666666666667
10 0.534375 0.86 0.52125 0.28
11 0.8925 0.86 0.215 0.19333333333333333