10 0.72125 0.8466666666666667 0.403125 0.23166666666666666
10 0.280625 0.21083333333333334 0.211875 0.19083333333333333
11 0.163125 0.8558333333333333 0.226875 0.13833333333333334
7 0.774375 0.6016666666666667 0.293125 0.3641666666666667
0 0.710625 0.5041666666666667 0.195625 0.22916666666666666
4 0.54875 0.6641666666666667 0.37125 0.42
4 0.8525 0.6591666666666667 0.205625 0.2841666666666667
7 0.55 0.23833333333333334 0.29375 0.23416666666666666
10 0.575 0.2808333333333333 0.16375 0.15916666666666668
10 0.6525 0.1575 0.141875 0.08833333333333333
7 0.284375 0.63 0.22875 0.6091666666666666
5 0.095625 0.595 0.158125 0.5058333333333334
10 0.650625 0.32916666666666666 0.1075 0.14416666666666667