10 0.56875 0.8641666666666666 0.435625 0.19583333333333333
11 0.166875 0.8533333333333334 0.250625 0.14416666666666667
0 0.700625 0.505 0.191875 0.28583333333333333
7 0.87625 0.7075 0.2475 0.35333333333333333
6 0.8575 0.4575 0.180625 0.23416666666666666
7 0.93125 0.5733333333333334 0.1375 0.33
6 0.539375 0.55 0.31375 0.3933333333333333
7 0.540625 0.13083333333333333 0.27 0.20333333333333334
7 0.184375 0.2608333333333333 0.14375 0.3475
5 0.15875 0.585 0.25125 0.4841666666666667
10 0.25 0.3616666666666667 0.206875 0.2708333333333333
9 0.55375 0.32 0.305625 0.18916666666666668
1 0.36625 0.6483333333333333 0.29 0.5091666666666667