10 0.35875 0.8041666666666667 0.36625 0.30666666666666664
11 0.1675 0.8541666666666666 0.24625 0.15
10 0.681875 0.82 0.38875 0.2841666666666667
10 0.3375 0.33416666666666667 0.125 0.35833333333333334
1 0.298125 0.2633333333333333 0.1775 0.285
1 0.219375 0.31916666666666665 0.174375 0.31833333333333336
0 0.706875 0.5183333333333333 0.200625 0.2683333333333333
10 0.881875 0.44416666666666665 0.079375 0.14083333333333334
4 0.846875 0.6966666666666667 0.254375 0.36916666666666664
5 0.325 0.6341666666666667 0.344375 0.49333333333333335
5 0.174375 0.6266666666666667 0.1825 0.4533333333333333
7 0.47875 0.26416666666666666 0.2725 0.26666666666666666
1 0.648125 0.205 0.13875 0.13666666666666666