4 0.1625 0.7183333333333334 0.27 0.36
5 0.8025 0.62 0.17125 0.5283333333333333
7 0.6125 0.5275 0.32375 0.6
11 0.845625 0.8616666666666667 0.25375 0.15666666666666668
0 0.280625 0.49416666666666664 0.215 0.2816666666666667
10 0.50875 0.775 0.435 0.3333333333333333
10 0.593125 0.24916666666666668 0.31375 0.17833333333333334
10 0.37625 0.24083333333333334 0.19 0.17666666666666667
10 0.686875 0.15166666666666667 0.21875 0.11833333333333333
10 0.821875 0.295 0.19125 0.26
10 0.1025 0.43583333333333335 0.09625 0.16833333333333333
7 0.07125 0.6366666666666667 0.1425 0.43
1 0.368125 0.145 0.15875 0.14333333333333334
5 0.903125 0.6283333333333333 0.1025 0.4583333333333333