7 0.42125 0.5383333333333333 0.150625 0.6183333333333333
7 0.495 0.3383333333333333 0.184375 0.36083333333333334
6 0.645 0.2575 0.120625 0.38
6 0.569375 0.5941666666666666 0.27625 0.5225
6 0.641875 0.7308333333333333 0.26625 0.49583333333333335
1 0.885 0.6866666666666666 0.23 0.35333333333333333
6 0.853125 0.46416666666666667 0.150625 0.23916666666666667
5 0.273125 0.5941666666666666 0.17625 0.6316666666666667
10 0.129375 0.5941666666666666 0.16375 0.45666666666666667
7 0.15 0.6408333333333334 0.15625 0.4008333333333333
11 0.170625 0.855 0.241875 0.14166666666666666
1 0.29625 0.2175 0.2275 0.17833333333333334
0 0.70125 0.5241666666666667 0.201875 0.25416666666666665