0 0.2575 0.4766666666666667 0.22375 0.2966666666666667
1 0.1 0.6283333333333333 0.2 0.48
1 0.35875 0.1375 0.2025 0.19833333333333333
1 0.534375 0.315 0.43625 0.31833333333333336
1 0.67875 0.37916666666666665 0.29125 0.30333333333333334
11 0.80375 0.9016666666666666 0.27125 0.185
10 0.77375 0.6333333333333333 0.275 0.465
5 0.631875 0.7058333333333333 0.37375 0.49666666666666665
10 0.599375 0.56 0.37875 0.37166666666666665
1 0.850625 0.6191666666666666 0.25 0.49333333333333335
10 0.6825 0.17916666666666667 0.28125 0.18166666666666667
1 0.41125 0.6966666666666667 0.27 0.565
1 0.329375 0.19 0.14625 0.14833333333333334
1 0.099375 0.3858333333333333 0.11625 0.14333333333333334