6 0.486875 0.5991666666666666 0.48 0.5016666666666667
6 0.18 0.625 0.29 0.5283333333333333
6 0.114375 0.4558333333333333 0.22875 0.3616666666666667
7 0.52125 0.25583333333333336 0.4375 0.37666666666666665
7 0.369375 0.1325 0.15125 0.265
5 0.929375 0.5891666666666666 0.14125 0.5316666666666666
11 0.856875 0.88 0.2575 0.19166666666666668
0 0.278125 0.4683333333333333 0.20375 0.275
1 0.78375 0.69 0.27 0.5483333333333333
10 0.766875 0.22416666666666665 0.21 0.3
10 0.85875 0.2475 0.1825 0.30666666666666664