0 0.77125 0.4741666666666667 0.20875 0.29333333333333333
1 0.560625 0.33 0.40125 0.24666666666666667
1 0.933125 0.59 0.13375 0.44333333333333336
1 0.74875 0.8133333333333334 0.4675 0.3283333333333333
5 0.18125 0.5483333333333333 0.2675 0.5866666666666667
5 0.073125 0.5475 0.135 0.5416666666666666
7 0.424375 0.15166666666666667 0.31375 0.26166666666666666
9 0.565 0.5191666666666667 0.42875 0.24166666666666667
10 0.419375 0.7525 0.46 0.2683333333333333
10 0.308125 0.085 0.20875 0.135
10 0.236875 0.24083333333333334 0.25125 0.29
11 0.156875 0.8358333333333333 0.27875 0.16666666666666666