0 0.698125 0.51 0.22375 0.29
11 0.1325 0.8966666666666666 0.24875 0.16666666666666666
10 0.225 0.33416666666666667 0.26375 0.18333333333333332
1 0.2925 0.22583333333333333 0.155 0.24166666666666667
10 0.52375 0.2941666666666667 0.325 0.25
10 0.6325 0.1275 0.09125 0.08833333333333333
4 0.418125 0.6741666666666667 0.3725 0.405
10 0.315 0.5158333333333334 0.36125 0.355
10 0.14875 0.6575 0.19375 0.48
1 0.074375 0.6233333333333333 0.13875 0.5
10 0.461875 0.8691666666666666 0.43125 0.26166666666666666
10 0.813125 0.77 0.31125 0.38166666666666665
1 0.849375 0.5425 0.2075 0.41833333333333333