11 0.130625 0.79 0.26125 0.19
5 0.17125 0.5816666666666667 0.32375 0.38333333333333336
1 0.224375 0.3641666666666667 0.28375 0.36666666666666664
10 0.500625 0.4091666666666667 0.345 0.30666666666666664
10 0.555 0.30666666666666664 0.3675 0.27166666666666667
10 0.67625 0.2025 0.1425 0.13666666666666666
1 0.33875 0.17583333333333334 0.2325 0.21833333333333332
4 0.216875 0.2425 0.19625 0.25666666666666665
10 0.504375 0.7283333333333334 0.4875 0.44166666666666665
10 0.765 0.8958333333333334 0.36 0.20833333333333334
1 0.868125 0.6866666666666666 0.1975 0.37666666666666665
0 0.711875 0.5591666666666667 0.22 0.2833333333333333
10 0.84375 0.5475 0.0875 0.13