6 0.394375 0.2966666666666667 0.42875 0.48833333333333334
0 0.166875 0.49166666666666664 0.2525 0.34
7 0.04125 0.45 0.0825 0.25666666666666665
4 0.0225 0.6808333333333333 0.045 0.455
10 0.375 0.825 0.4925 0.35
1 0.6375 0.6833333333333333 0.2575 0.6033333333333334
8 0.790625 0.73 0.185 0.5116666666666667
11 0.7825 0.9283333333333333 0.3025 0.14333333333333334
10 0.703125 0.14916666666666667 0.22625 0.17666666666666667
1 0.751875 0.3541666666666667 0.2425 0.3983333333333333
7 0.330625 0.18666666666666668 0.22375 0.2683333333333333