0 0.70875 0.55 0.2175 0.28833333333333333
1 0.8675 0.7358333333333333 0.24125 0.4716666666666667
1 0.64875 0.19833333333333333 0.1975 0.19166666666666668
1 0.4575 0.3358333333333333 0.4275 0.305
1 0.308125 0.3675 0.285 0.29333333333333333
11 0.129375 0.8533333333333334 0.25875 0.17666666666666667
10 0.186875 0.5958333333333333 0.26625 0.455
5 0.315625 0.6975 0.365 0.48333333333333334
10 0.364375 0.5616666666666666 0.37 0.35833333333333334
1 0.11625 0.5666666666666667 0.2325 0.48333333333333334
10 0.328125 0.1725 0.27625 0.17333333333333334
1 0.531875 0.7283333333333334 0.26125 0.5433333333333333
1 0.67125 0.255 0.1425 0.14333333333333334
1 0.873125 0.49416666666666664 0.11375 0.14