10 0.7725 0.4675 0.2475 0.445
10 0.86875 0.43833333333333335 0.20625 0.4683333333333333
10 0.705 0.21416666666666667 0.1925 0.24166666666666667
10 0.379375 0.10333333333333333 0.16 0.12833333333333333
10 0.3325 0.8166666666666667 0.41 0.36666666666666664
10 0.75625 0.815 0.41 0.37
11 0.851875 0.9133333333333333 0.27125 0.17333333333333334
0 0.259375 0.48 0.23625 0.27
6 0.11 0.6475 0.22 0.40166666666666667
7 0.3525 0.5841666666666666 0.48375 0.2866666666666667
4 0.4875 0.33666666666666667 0.3075 0.28833333333333333
4 0.358125 0.25416666666666665 0.175 0.23333333333333334
6 0.10875 0.4033333333333333 0.1625 0.2