7 0.91 0.6391666666666667 0.18 0.37166666666666665
7 0.635625 0.3 0.305 0.30833333333333335
5 0.12875 0.6025 0.2575 0.6383333333333333
5 0.0525 0.6066666666666667 0.105 0.5266666666666666
11 0.12 0.8791666666666667 0.24 0.16833333333333333
10 0.285625 0.6908333333333333 0.37125 0.5933333333333334
10 0.613125 0.9016666666666666 0.44625 0.19666666666666666
10 0.631875 0.6741666666666667 0.41375 0.45
10 0.51125 0.42083333333333334 0.44 0.25166666666666665
10 0.441875 0.2841666666666667 0.31625 0.21666666666666667
4 0.825 0.8558333333333333 0.315 0.28833333333333333
0 0.72875 0.5908333333333333 0.23125 0.2816666666666667
1 0.27875 0.27166666666666667 0.24625 0.31333333333333335