11 0.12125 0.925 0.2075 0.15
10 0.4825 0.8883333333333333 0.5275 0.22333333333333333
10 0.14125 0.6208333333333333 0.28125 0.5533333333333333
1 0.054375 0.6466666666666666 0.10875 0.5566666666666666
10 0.434375 0.22083333333333333 0.34875 0.25833333333333336
10 0.579375 0.09666666666666666 0.14 0.165
10 0.228125 0.23833333333333334 0.25 0.26166666666666666
10 0.174375 0.13666666666666666 0.22375 0.12333333333333334
1 0.12875 0.31833333333333336 0.20125 0.31333333333333335
0 0.685625 0.4975 0.245 0.33166666666666667
6 0.8375 0.40166666666666667 0.235 0.24833333333333332
1 0.648125 0.275 0.12875 0.16333333333333333
4 0.31125 0.48583333333333334 0.235 0.41333333333333333
10 0.335625 0.6433333333333333 0.40625 0.405