0 0.71125 0.5116666666666667 0.196875 0.28583333333333333
11 0.17 0.8541666666666666 0.249375 0.15
7 0.55875 0.8658333333333333 0.52 0.18166666666666667
7 0.81125 0.7541666666666667 0.28625 0.305
6 0.87125 0.6383333333333333 0.2575 0.32
6 0.568125 0.2991666666666667 0.280625 0.3016666666666667
7 0.338125 0.25583333333333336 0.2325 0.24333333333333335
5 0.238125 0.5933333333333334 0.175625 0.59
10 0.495 0.585 0.291875 0.405
10 0.126875 0.6225 0.100625 0.4216666666666667
10 0.193125 0.285 0.116875 0.2783333333333333
10 0.335 0.17583333333333334 0.198125 0.10583333333333333