10 0.32125 0.6858333333333333 0.43875 0.49833333333333335
10 0.635 0.715 0.51 0.5483333333333333
10 0.885625 0.49083333333333334 0.22875 0.47833333333333333
10 0.8725 0.3 0.12 0.18
10 0.55625 0.08 0.175 0.16
10 0.50375 0.39166666666666666 0.35625 0.5
10 0.53625 0.21916666666666668 0.29125 0.285
5 0.126875 0.7108333333333333 0.25375 0.555
10 0.123125 0.5783333333333334 0.2125 0.425
11 0.2 0.9216666666666666 0.2725 0.15666666666666668
4 0.146875 0.27166666666666667 0.16125 0.26166666666666666
1 0.286875 0.4066666666666667 0.27875 0.44666666666666666
0 0.69625 0.40166666666666667 0.24 0.305
7 0.840625 0.6641666666666667 0.31875 0.43166666666666664