7 0.4825 0.505 0.4175 0.2625
4 0.5225 0.32916666666666666 0.283125 0.1525
4 0.629375 0.2725 0.1225 0.20916666666666667
10 0.640625 0.795 0.353125 0.31666666666666665
10 0.26875 0.7816666666666666 0.3475 0.3325
10 0.2775 0.4483333333333333 0.17625 0.35333333333333333
10 0.165625 0.43333333333333335 0.151875 0.415
10 0.351875 0.24583333333333332 0.189375 0.20416666666666666
6 0.883125 0.6733333333333333 0.233125 0.43666666666666665
0 0.71125 0.5183333333333333 0.185625 0.2525
11 0.1725 0.855 0.2425 0.1425
7 0.91125 0.41333333333333333 0.08875 0.17416666666666666
10 0.63875 0.17 0.125625 0.1075