10 0.185 0.31666666666666665 0.14375 0.26
11 0.198125 0.92 0.28375 0.16
0 0.72375 0.4683333333333333 0.2525 0.345
7 0.5375 0.7016666666666667 0.3225 0.5966666666666667
6 0.716875 0.6716666666666666 0.24125 0.59
7 0.888125 0.6133333333333333 0.22375 0.45
7 0.92125 0.3958333333333333 0.1575 0.355
7 0.370625 0.2891666666666667 0.30125 0.43833333333333335
5 0.264375 0.6491666666666667 0.33375 0.7016666666666667
5 0.149375 0.6666666666666666 0.25625 0.6033333333333334
7 0.275 0.165 0.32125 0.3
10 0.098125 0.7216666666666667 0.19625 0.43333333333333335
4 0.61375 0.2525 0.17375 0.3383333333333333
10 0.8525 0.38416666666666666 0.08625 0.15666666666666668