7 0.298125 0.4075 0.238125 0.30333333333333334
10 0.404375 0.7441666666666666 0.3475 0.4425
5 0.34 0.7116666666666667 0.37 0.36666666666666664
4 0.1575 0.6008333333333333 0.221875 0.365
4 0.7075 0.7866666666666666 0.319375 0.305
0 0.706875 0.52 0.203125 0.2633333333333333
11 0.166875 0.8591666666666666 0.24625 0.1425
10 0.51625 0.49916666666666665 0.296875 0.3883333333333333
10 0.4975 0.2758333333333333 0.29125 0.14666666666666667
10 0.62375 0.175 0.113125 0.1125
10 0.324375 0.18666666666666668 0.27125 0.12416666666666666
10 0.876875 0.4741666666666667 0.099375 0.17916666666666667
10 0.6075 0.35333333333333333 0.32125 0.15666666666666668
1 0.28125 0.335 0.21125 0.2733333333333333