11 0.17 0.8525 0.223125 0.12833333333333333
10 0.454375 0.38083333333333336 0.259375 0.375
10 0.493125 0.5433333333333333 0.28125 0.4025
10 0.608125 0.8566666666666667 0.3975 0.21833333333333332
10 0.67125 0.6633333333333333 0.431875 0.2475
0 0.709375 0.5066666666666667 0.20125 0.235
10 0.86625 0.6733333333333333 0.13625 0.4533333333333333
1 0.649375 0.2825 0.151875 0.2675
7 0.316875 0.6791666666666667 0.193125 0.5291666666666667
7 0.086875 0.5791666666666667 0.14375 0.45166666666666666
7 0.270625 0.20583333333333334 0.226875 0.23833333333333334
7 0.701875 0.10166666666666667 0.12 0.12666666666666668
5 0.194375 0.6383333333333333 0.1425 0.5191666666666667