4 0.191875 0.37666666666666665 0.18625 0.215
5 0.203125 0.6558333333333334 0.1875 0.5166666666666667
7 0.2525 0.17333333333333334 0.201875 0.21083333333333334
7 0.454375 0.23916666666666667 0.31625 0.21
7 0.66625 0.12583333333333332 0.2 0.20166666666666666
7 0.8825 0.5516666666666666 0.140625 0.3308333333333333
7 0.658125 0.765 0.400625 0.32416666666666666
7 0.48375 0.6208333333333333 0.3975 0.37916666666666665
10 0.391875 0.5191666666666667 0.35375 0.30583333333333335
10 0.900625 0.7275 0.154375 0.34
11 0.170625 0.8533333333333334 0.2425 0.14416666666666667
0 0.71125 0.5141666666666667 0.190625 0.2475