11 0.169375 0.855 0.246875 0.14333333333333334
0 0.71125 0.5183333333333333 0.18875 0.26166666666666666
10 0.7875 0.8425 0.378125 0.23
7 0.67625 0.26166666666666666 0.253125 0.16
10 0.64625 0.19833333333333333 0.12 0.09583333333333334
10 0.121875 0.6075 0.153125 0.41833333333333333
10 0.23625 0.62 0.21875 0.405
5 0.350625 0.665 0.325 0.4216666666666667
7 0.56625 0.6358333333333334 0.18 0.6583333333333333
7 0.269375 0.3433333333333333 0.245 0.26916666666666667
7 0.245625 0.17666666666666667 0.2375 0.17416666666666666
7 0.841875 0.49666666666666665 0.168125 0.24916666666666668
7 0.82875 0.675 0.3275 0.2175
4 0.4375 0.22416666666666665 0.225625 0.3025