0 0.75375 0.5766666666666667 0.26125 0.3466666666666667
7 0.494375 0.4825 0.515 0.54
10 0.608125 0.29 0.3425 0.3016666666666667
10 0.719375 0.21416666666666667 0.1975 0.24666666666666667
1 0.396875 0.1575 0.19375 0.285
10 0.3225 0.235 0.2625 0.31333333333333335
10 0.17625 0.5333333333333333 0.27875 0.5216666666666666
1 0.108125 0.4825 0.215 0.5216666666666666
11 0.125 0.775 0.25 0.23333333333333334
10 0.465 0.83 0.515 0.34
10 0.81125 0.8333333333333334 0.3225 0.3333333333333333
1 0.87875 0.6691666666666667 0.2425 0.445