7 0.45625 0.1075 0.305 0.215
6 0.863125 0.7 0.20125 0.46166666666666667
7 0.0875 0.5575 0.175 0.46166666666666667
5 0.29375 0.6125 0.2925 0.5683333333333334
10 0.194375 0.5725 0.19375 0.49666666666666665
10 0.1525 0.4608333333333333 0.15875 0.38166666666666665
10 0.456875 0.2808333333333333 0.32375 0.245
1 0.67875 0.20833333333333334 0.16 0.175
10 0.891875 0.51 0.12875 0.17333333333333334
7 0.468125 0.8766666666666667 0.4475 0.245
11 0.14625 0.8375 0.265 0.175
0 0.70375 0.5483333333333333 0.2125 0.2866666666666667
10 0.90875 0.7475 0.14875 0.38166666666666665