10 0.488125 0.8608333333333333 0.45875 0.2783333333333333
11 0.87375 0.7575 0.2525 0.21166666666666667
0 0.301875 0.5641666666666667 0.23375 0.3333333333333333
7 0.16375 0.8008333333333333 0.295 0.3983333333333333
6 0.140625 0.5608333333333333 0.215 0.28
7 0.089375 0.6941666666666667 0.17875 0.3616666666666667
6 0.46875 0.5625 0.37 0.475
7 0.400625 0.15083333333333335 0.2975 0.275
7 0.771875 0.185 0.19625 0.37
5 0.843125 0.49 0.31375 0.5466666666666666
10 0.723125 0.2966666666666667 0.24625 0.325
9 0.4175 0.34 0.33 0.27166666666666667
1 0.65375 0.6116666666666667 0.365 0.5816666666666667