0 0.711875 0.52 0.196875 0.26166666666666666
10 0.81375 0.6408333333333334 0.2275 0.42916666666666664
1 0.54 0.6925 0.350625 0.44166666666666665
1 0.358125 0.5075 0.20125 0.4041666666666667
1 0.48875 0.3908333333333333 0.278125 0.29083333333333333
1 0.22375 0.3616666666666667 0.10875 0.2816666666666667
10 0.251875 0.7383333333333333 0.321875 0.2575
10 0.195 0.5108333333333334 0.160625 0.3541666666666667
10 0.653125 0.2575 0.13875 0.2775
1 0.673125 0.1725 0.113125 0.11333333333333333
10 0.325 0.2475 0.131875 0.22916666666666666
1 0.87375 0.48083333333333333 0.13 0.22
4 0.4625 0.23333333333333334 0.23125 0.21333333333333335
11 0.174375 0.8541666666666666 0.243125 0.14083333333333334