4 0.855625 0.7691666666666667 0.23625 0.245
4 0.646875 0.23833333333333334 0.24375 0.3
4 0.425 0.20666666666666667 0.29625 0.2833333333333333
4 0.90875 0.5525 0.1475 0.2816666666666667
7 0.34125 0.7225 0.2375 0.555
7 0.533125 0.725 0.25375 0.55
7 0.078125 0.535 0.15625 0.2966666666666667
4 0.4625 0.4225 0.41625 0.3416666666666667
7 0.660625 0.12 0.275 0.20666666666666667
7 0.698125 0.4608333333333333 0.27125 0.41
7 0.7725 0.5316666666666666 0.2725 0.39666666666666667
11 0.851875 0.8683333333333333 0.26 0.17833333333333334
0 0.26 0.5733333333333334 0.21375 0.2916666666666667
7 0.321875 0.25166666666666665 0.19375 0.21833333333333332