10 0.591875 0.08583333333333333 0.15375 0.165
10 0.265625 0.21083333333333334 0.1675 0.165
10 0.55 0.8158333333333333 0.515 0.36833333333333335
11 0.225 0.9158333333333334 0.2875 0.16833333333333333
0 0.728125 0.41833333333333333 0.24625 0.3383333333333333
6 0.864375 0.565 0.27125 0.4633333333333333
6 0.885 0.4141666666666667 0.23 0.30833333333333335
7 0.51375 0.62 0.39625 0.5433333333333333
7 0.530625 0.2425 0.25375 0.42333333333333334
7 0.38375 0.4075 0.36375 0.38333333333333336
7 0.2025 0.30916666666666665 0.32125 0.33666666666666667
5 0.176875 0.6716666666666666 0.30625 0.5666666666666667
10 0.106875 0.7091666666666666 0.19625 0.44166666666666665