0 0.709375 0.5158333333333334 0.191875 0.255
1 0.64125 0.8225 0.414375 0.2841666666666667
1 0.348125 0.3383333333333333 0.311875 0.285
4 0.529375 0.6466666666666666 0.311875 0.3491666666666667
1 0.875625 0.5191666666666667 0.14 0.22166666666666668
11 0.173125 0.8558333333333333 0.243125 0.14083333333333334
10 0.29375 0.205 0.195625 0.1625
10 0.82625 0.7191666666666666 0.299375 0.31166666666666665
5 0.28125 0.64 0.21125 0.5183333333333333
5 0.16125 0.6041666666666666 0.16125 0.485
7 0.63 0.295 0.15125 0.2425
7 0.580625 0.21583333333333332 0.24 0.20166666666666666