0 0.708125 0.5166666666666667 0.20375 0.2708333333333333
11 0.17125 0.8516666666666667 0.25375 0.14583333333333334
10 0.22 0.31833333333333336 0.105625 0.265
7 0.468125 0.3491666666666667 0.3575 0.24916666666666668
7 0.490625 0.585 0.39875 0.22916666666666666
7 0.81375 0.7033333333333334 0.3725 0.30666666666666664
6 0.856875 0.5433333333333333 0.283125 0.21083333333333334
7 0.859375 0.47833333333333333 0.109375 0.17333333333333334
7 0.68125 0.09583333333333334 0.2 0.10833333333333334
7 0.690625 0.1675 0.119375 0.1275
7 0.49 0.8508333333333333 0.501875 0.2425
5 0.085 0.6083333333333333 0.12625 0.4508333333333333
5 0.2325 0.5941666666666666 0.183125 0.5675
6 0.591875 0.2733333333333333 0.24375 0.3441666666666667