7 0.484375 0.5983333333333334 0.44125 0.42
7 0.230625 0.11583333333333333 0.2375 0.195
7 0.873125 0.6258333333333334 0.25375 0.595
5 0.758125 0.65 0.2725 0.615
7 0.515625 0.8958333333333334 0.55875 0.20833333333333334
7 0.1775 0.8916666666666667 0.3325 0.21666666666666667
6 0.333125 0.7158333333333333 0.42125 0.36666666666666664
7 0.0475 0.5541666666666667 0.095 0.15166666666666667
6 0.325 0.30916666666666665 0.2825 0.37833333333333335
4 0.654375 0.20583333333333334 0.24875 0.31833333333333336
0 0.190625 0.6025 0.23375 0.33166666666666667
11 0.820625 0.9166666666666666 0.28 0.14166666666666666