6 0.47 0.37666666666666665 0.535 0.485
7 0.481875 0.19083333333333333 0.36625 0.3233333333333333
10 0.548125 0.07833333333333334 0.21375 0.15666666666666668
1 0.235 0.20166666666666666 0.20875 0.2966666666666667
10 0.19125 0.32166666666666666 0.2725 0.3383333333333333
0 0.7125 0.3775 0.28 0.375
1 0.8675 0.4 0.265 0.44333333333333336
10 0.848125 0.6291666666666667 0.30375 0.465
10 0.538125 0.8025 0.54375 0.395
10 0.15375 0.685 0.3 0.55
1 0.095 0.685 0.19 0.55
11 0.191875 0.9183333333333333 0.26125 0.16333333333333333