5 0.2975 0.6316666666666667 0.26125 0.5133333333333333
7 0.148125 0.6283333333333333 0.269375 0.3641666666666667
7 0.1 0.5108333333333334 0.2 0.42833333333333334
7 0.358125 0.3125 0.330625 0.25916666666666666
7 0.5425 0.8533333333333334 0.5725 0.24166666666666667
11 0.17 0.8533333333333334 0.230625 0.14
10 0.46875 0.7258333333333333 0.403125 0.4008333333333333
10 0.585 0.2658333333333333 0.231875 0.18
10 0.66125 0.15583333333333332 0.11125 0.09166666666666666
10 0.823125 0.6891666666666667 0.15 0.45166666666666666
10 0.901875 0.6566666666666666 0.1525 0.445
0 0.705625 0.5175 0.19125 0.25833333333333336
1 0.26625 0.30416666666666664 0.225625 0.29833333333333334