11 0.1525 0.8283333333333334 0.3 0.22833333333333333
10 0.40125 0.09583333333333334 0.2075 0.19166666666666668
10 0.61875 0.24333333333333335 0.38875 0.2816666666666667
8 0.10625 0.5625 0.17625 0.49166666666666664
10 0.51375 0.875 0.5175 0.25
5 0.151875 0.5416666666666666 0.20875 0.6433333333333333
5 0.27625 0.5658333333333333 0.29375 0.72
6 0.595625 0.4791666666666667 0.4875 0.42
6 0.816875 0.3258333333333333 0.18 0.3883333333333333
6 0.93 0.715 0.14 0.4666666666666667
3 0.89625 0.785 0.195 0.43
3 0.810625 0.7541666666666667 0.27125 0.49166666666666664
0 0.83125 0.5633333333333334 0.2425 0.33666666666666667