10 0.80125 0.5166666666666667 0.24625 0.43666666666666665
10 0.894375 0.49 0.20625 0.4583333333333333
10 0.73875 0.26916666666666667 0.18875 0.23666666666666666
10 0.425 0.155 0.15625 0.12833333333333333
10 0.37 0.8316666666666667 0.4 0.33666666666666667
10 0.781875 0.8341666666666666 0.40125 0.33166666666666667
11 0.860625 0.9316666666666666 0.24125 0.13666666666666666
0 0.303125 0.5166666666666667 0.2325 0.26666666666666666
6 0.1325 0.6725 0.265 0.3983333333333333
7 0.393125 0.62 0.4725 0.28833333333333333
4 0.52625 0.38333333333333336 0.30125 0.285
4 0.401875 0.3 0.17125 0.23
6 0.15875 0.44 0.16 0.19833333333333333