7 0.750625 0.6691666666666667 0.39125 0.5166666666666667
0 0.71 0.48333333333333334 0.25125 0.3333333333333333
11 0.176875 0.9266666666666666 0.26875 0.14666666666666667
10 0.101875 0.7116666666666667 0.20375 0.48333333333333334
10 0.229375 0.7083333333333334 0.2675 0.49166666666666664
10 0.589375 0.16416666666666666 0.1275 0.15833333333333333
10 0.805625 0.8275 0.38875 0.29833333333333334
7 0.554375 0.6158333333333333 0.26375 0.72
7 0.920625 0.54 0.15875 0.41
5 0.3475 0.7325 0.375 0.535
7 0.454375 0.34 0.425 0.3283333333333333
7 0.178125 0.245 0.29625 0.30333333333333334
4 0.375 0.22 0.3225 0.3416666666666667