0 0.2825 0.5158333333333334 0.215 0.2866666666666667
1 0.088125 0.6208333333333333 0.17625 0.43166666666666664
11 0.814375 0.8933333333333333 0.2525 0.16833333333333333
10 0.565625 0.8733333333333333 0.44875 0.25333333333333335
10 0.240625 0.8341666666666666 0.37375 0.26
10 0.505625 0.2816666666666667 0.345 0.19333333333333333
10 0.425 0.1675 0.2275 0.14666666666666667
10 0.685 0.3025 0.28375 0.29833333333333334
10 0.775625 0.295 0.2 0.2866666666666667
5 0.74 0.665 0.3225 0.455
5 0.83 0.6533333333333333 0.225 0.41833333333333333
7 0.916875 0.6291666666666667 0.16625 0.49833333333333335