0 0.71375 0.52 0.19375 0.2633333333333333
1 0.836875 0.5708333333333333 0.193125 0.3441666666666667
10 0.804375 0.775 0.280625 0.31666666666666665
1 0.476875 0.8341666666666666 0.4175 0.23916666666666667
4 0.456875 0.5133333333333333 0.246875 0.4825
4 0.27625 0.6 0.205 0.4791666666666667
10 0.175625 0.6158333333333333 0.15875 0.4
1 0.1325 0.5933333333333334 0.125 0.4483333333333333
10 0.269375 0.33666666666666667 0.236875 0.14083333333333334
1 0.566875 0.2891666666666667 0.299375 0.19416666666666665
10 0.6575 0.16166666666666665 0.079375 0.0775
1 0.349375 0.23916666666666667 0.145 0.20833333333333334
11 0.17375 0.8533333333333334 0.244375 0.14416666666666667