10 0.834375 0.765 0.27375 0.3375
11 0.169375 0.8575 0.24625 0.15166666666666667
0 0.71 0.515 0.19125 0.26666666666666666
1 0.871875 0.515 0.144375 0.2475
7 0.494375 0.7791666666666667 0.383125 0.32916666666666666
7 0.496875 0.4875 0.348125 0.3125
7 0.508125 0.2991666666666667 0.1975 0.39416666666666667
7 0.235625 0.27666666666666667 0.14625 0.43916666666666665
7 0.300625 0.1275 0.24 0.1625
7 0.16125 0.24416666666666667 0.114375 0.225
7 0.105625 0.49416666666666664 0.17 0.37083333333333335
5 0.1425 0.6316666666666667 0.211875 0.4
5 0.343125 0.6966666666666667 0.355625 0.3516666666666667
7 0.65875 0.24333333333333335 0.1275 0.15333333333333332