10 0.625625 0.5983333333333334 0.345625 0.36916666666666664
0 0.70875 0.5141666666666667 0.19 0.24833333333333332
11 0.161875 0.8516666666666667 0.2275 0.14166666666666666
10 0.66125 0.8508333333333333 0.396875 0.2025
10 0.87625 0.45916666666666667 0.114375 0.18166666666666667
10 0.279375 0.25 0.2175 0.22666666666666666
10 0.443125 0.26166666666666666 0.298125 0.15416666666666667
10 0.521875 0.37833333333333335 0.3525 0.17083333333333334
7 0.625625 0.21666666666666667 0.19125 0.21916666666666668
7 0.491875 0.765 0.480625 0.3075
6 0.858125 0.6108333333333333 0.28375 0.25666666666666665
5 0.28125 0.5933333333333334 0.229375 0.6158333333333333
5 0.165625 0.6066666666666667 0.15 0.555
5 0.085625 0.6075 0.121875 0.49333333333333335