10 0.365 0.5791666666666667 0.32625 0.6
10 0.50125 0.8341666666666666 0.5375 0.33166666666666667
10 0.598125 0.05 0.18875 0.1
1 0.638125 0.4575 0.39375 0.5533333333333333
0 0.726875 0.4091666666666667 0.2675 0.3433333333333333
1 0.90875 0.36916666666666664 0.1825 0.3016666666666667
1 0.815 0.7033333333333334 0.37 0.5
1 0.23625 0.26666666666666666 0.3525 0.29833333333333334
1 0.221875 0.19 0.32875 0.295
11 0.169375 0.9141666666666667 0.26125 0.17166666666666666
1 0.634375 0.16583333333333333 0.23375 0.30666666666666664
8 0.25625 0.67 0.30875 0.64
8 0.13875 0.6791666666666667 0.2775 0.5816666666666667
1 0.140625 0.6458333333333334 0.28125 0.5616666666666666