10 0.73 0.3616666666666667 0.225 0.43333333333333335
10 0.8075 0.7133333333333334 0.275 0.23333333333333334
11 0.82625 0.8466666666666667 0.28125 0.17166666666666666
0 0.225 0.5208333333333334 0.2275 0.28833333333333333
1 0.550625 0.7066666666666667 0.32125 0.5683333333333334
5 0.666875 0.6333333333333333 0.28875 0.5583333333333333
6 0.375625 0.6908333333333333 0.325 0.525
6 0.29625 0.7366666666666667 0.255 0.5266666666666666
6 0.105625 0.7275 0.21125 0.45
6 0.078125 0.6191666666666666 0.15625 0.335
6 0.04625 0.48333333333333334 0.0925 0.24666666666666667
6 0.355625 0.2725 0.31 0.325
7 0.6775 0.09916666666666667 0.2375 0.19833333333333333