10 0.309375 0.8133333333333334 0.44375 0.3283333333333333
10 0.43875 0.695 0.4025 0.3466666666666667
10 0.634375 0.5091666666666667 0.25 0.45166666666666666
10 0.6825 0.25 0.20625 0.225
10 0.41375 0.1025 0.16 0.14833333333333334
10 0.74375 0.5166666666666667 0.24125 0.43166666666666664
10 0.819375 0.5133333333333333 0.2425 0.4716666666666667
10 0.675625 0.8141666666666667 0.39875 0.37166666666666665
11 0.75125 0.9133333333333333 0.2775 0.17333333333333334
7 0.18875 0.5408333333333334 0.3775 0.615
0 0.269375 0.42333333333333334 0.23625 0.295
6 0.1125 0.47833333333333333 0.225 0.4266666666666667
4 0.379375 0.24 0.1925 0.285