11 0.1125 0.7958333333333333 0.225 0.18166666666666667
5 0.2075 0.58 0.365 0.5316666666666666
10 0.099375 0.445 0.16375 0.435
7 0.264375 0.065 0.22875 0.13
7 0.211875 0.22416666666666665 0.2025 0.425
7 0.37 0.23083333333333333 0.2575 0.46166666666666667
7 0.5875 0.19333333333333333 0.195 0.38666666666666666
9 0.66625 0.6933333333333334 0.44375 0.565
3 0.575 0.5966666666666667 0.44125 0.44333333333333336
4 0.78375 0.8558333333333333 0.37 0.28833333333333333
1 0.8825 0.58 0.21375 0.375
0 0.7 0.49333333333333335 0.22875 0.30666666666666664