4 0.476875 0.8125 0.41875 0.375
4 0.175 0.8808333333333334 0.285 0.23833333333333334
4 0.93875 0.49916666666666665 0.1225 0.355
4 0.85125 0.24083333333333334 0.17 0.2683333333333333
7 0.549375 0.245 0.31375 0.2816666666666667
7 0.71125 0.26916666666666667 0.17375 0.35833333333333334
7 0.425 0.6775 0.44 0.475
10 0.46875 0.43833333333333335 0.31375 0.31333333333333335
7 0.81 0.42083333333333334 0.185 0.475
10 0.926875 0.6316666666666667 0.14625 0.43666666666666665
11 0.908125 0.8708333333333333 0.18375 0.17166666666666666
0 0.316875 0.5708333333333333 0.22 0.275
10 0.34875 0.2 0.085 0.105
4 0.1825 0.7208333333333333 0.325 0.5083333333333333