0 0.274375 0.4675 0.2675 0.37833333333333335
11 0.818125 0.9408333333333333 0.26375 0.11833333333333333
7 0.39625 0.8683333333333333 0.615 0.2633333333333333
7 0.155 0.7158333333333333 0.31 0.4216666666666667
6 0.1225 0.5733333333333334 0.245 0.42
6 0.469375 0.2625 0.36375 0.41833333333333333
7 0.7375 0.2758333333333333 0.30125 0.3383333333333333
5 0.800625 0.6633333333333333 0.28875 0.6733333333333333
10 0.509375 0.6091666666666666 0.3925 0.54
10 0.9175 0.7475 0.165 0.505
10 0.8975 0.3475 0.175 0.34833333333333333
10 0.753125 0.18583333333333332 0.24125 0.17333333333333334