11 0.17375 0.8541666666666666 0.244375 0.14583333333333334
5 0.405625 0.7908333333333334 0.4675 0.2175
5 0.11875 0.6466666666666666 0.19625 0.4725
7 0.28375 0.3958333333333333 0.260625 0.4533333333333333
7 0.404375 0.11833333333333333 0.26 0.1925
4 0.66625 0.10333333333333333 0.17625 0.20166666666666666
7 0.5875 0.21833333333333332 0.176875 0.3258333333333333
7 0.92 0.6041666666666666 0.16 0.4425
7 0.693125 0.6116666666666667 0.375 0.2916666666666667
7 0.661875 0.3275 0.20125 0.23583333333333334
6 0.515625 0.4791666666666667 0.425625 0.23416666666666666
4 0.205 0.37416666666666665 0.1175 0.24333333333333335
0 0.715 0.505 0.185625 0.23666666666666666