7 0.298125 0.12666666666666668 0.225625 0.2475
4 0.178125 0.7266666666666667 0.235625 0.18166666666666667
4 0.178125 0.5175 0.190625 0.25083333333333335
4 0.5575 0.24583333333333332 0.245 0.205
4 0.6775 0.13583333333333333 0.11375 0.17583333333333334
7 0.38 0.36666666666666664 0.3275 0.2916666666666667
7 0.3875 0.13083333333333333 0.301875 0.175
0 0.71125 0.5225 0.191875 0.2633333333333333
11 0.173125 0.8575 0.24 0.14416666666666667
7 0.24625 0.4375 0.238125 0.4166666666666667
4 0.330625 0.24333333333333335 0.22875 0.22583333333333333