10 0.183125 0.8533333333333334 0.36125 0.29333333333333333
10 0.4425 0.7966666666666666 0.425 0.2966666666666667
10 0.575625 0.9333333333333333 0.46625 0.13333333333333333
10 0.4575 0.4375 0.30625 0.28833333333333333
10 0.26 0.2525 0.20875 0.21166666666666667
10 0.171875 0.5225 0.2525 0.43166666666666664
10 0.084375 0.495 0.16875 0.4766666666666667
4 0.581875 0.31833333333333336 0.195 0.25833333333333336
10 0.58625 0.17583333333333334 0.17125 0.12833333333333333
0 0.685 0.5791666666666667 0.23375 0.29833333333333334
7 0.793125 0.775 0.41375 0.44666666666666666
7 0.92375 0.6425 0.1525 0.4816666666666667
11 0.109375 0.9466666666666667 0.20875 0.10666666666666667