7 0.478125 0.32 0.30625 0.46
1 0.440625 0.33916666666666667 0.3625 0.385
1 0.64625 0.8725 0.4975 0.255
0 0.72625 0.5425 0.22625 0.285
11 0.13 0.8533333333333334 0.26 0.18666666666666668
10 0.679375 0.7691666666666667 0.4375 0.345
10 0.790625 0.705 0.38 0.28833333333333333
10 0.890625 0.5483333333333333 0.1175 0.21
10 0.680625 0.1625 0.0875 0.11666666666666667
7 0.2225 0.3591666666666667 0.225 0.3466666666666667
7 0.7075 0.29333333333333333 0.2375 0.24666666666666667
5 0.0825 0.57 0.165 0.5133333333333333
7 0.305 0.13916666666666666 0.24875 0.25833333333333336