0 0.6675 0.5808333333333333 0.26 0.34833333333333333
11 0.0825 0.775 0.165 0.22333333333333333
10 0.38375 0.8575 0.54 0.285
10 0.2425 0.71 0.46375 0.375
10 0.30875 0.09 0.2625 0.18
10 0.23625 0.19833333333333333 0.25625 0.26166666666666666
7 0.458125 0.4033333333333333 0.44875 0.5316666666666666
10 0.5225 0.22166666666666668 0.3375 0.20833333333333334
10 0.581875 0.3575 0.3275 0.25666666666666665
5 0.13875 0.5083333333333333 0.2775 0.6
6 0.74625 0.7558333333333334 0.465 0.48833333333333334
6 0.835 0.7275 0.32875 0.46166666666666667
10 0.076875 0.48083333333333333 0.15375 0.495
10 0.651875 0.20916666666666667 0.15375 0.195