0 0.229375 0.5241666666666667 0.23125 0.32166666666666666
1 0.304375 0.13333333333333333 0.18875 0.19
10 0.324375 0.2775 0.36875 0.24666666666666667
7 0.195625 0.7233333333333334 0.39125 0.5
10 0.06625 0.6708333333333333 0.1325 0.4716666666666667
10 0.475 0.3825 0.38 0.41833333333333333
10 0.685 0.16916666666666666 0.165 0.3383333333333333
10 0.780625 0.3016666666666667 0.21625 0.2783333333333333
5 0.83375 0.5983333333333334 0.3325 0.55
10 0.916875 0.5908333333333333 0.16625 0.4816666666666667
10 0.49375 0.865 0.5325 0.27
11 0.873125 0.8741666666666666 0.25375 0.19833333333333333
10 0.665 0.7125 0.49875 0.43833333333333335