0 0.70625 0.5241666666666667 0.19875 0.26666666666666666
1 0.89125 0.64 0.1575 0.41
11 0.174375 0.855 0.240625 0.1475
10 0.416875 0.8575 0.429375 0.22583333333333333
10 0.735 0.8366666666666667 0.355625 0.22833333333333333
10 0.49875 0.2816666666666667 0.33 0.165
10 0.58125 0.17583333333333334 0.2175 0.1275
10 0.323125 0.2891666666666667 0.26625 0.27166666666666667
10 0.234375 0.275 0.185 0.2675
5 0.255 0.6375 0.2975 0.42333333333333334
5 0.16875 0.62 0.204375 0.39416666666666667
7 0.07875 0.5925 0.155625 0.47583333333333333