0 0.71375 0.52 0.1975 0.2608333333333333
7 0.47375 0.5016666666666667 0.410625 0.3775
10 0.546875 0.305 0.281875 0.19583333333333333
10 0.633125 0.21166666666666667 0.151875 0.1825
1 0.343125 0.24166666666666667 0.14125 0.22083333333333333
10 0.289375 0.3283333333333333 0.203125 0.22916666666666666
10 0.203125 0.625 0.186875 0.42333333333333334
1 0.135625 0.5975 0.12625 0.44083333333333335
11 0.17375 0.855 0.245 0.14333333333333334
10 0.50125 0.8408333333333333 0.431875 0.245
10 0.819375 0.7716666666666666 0.26625 0.32416666666666666
1 0.84375 0.5683333333333334 0.178125 0.3575