11 0.159375 0.83 0.25375 0.15666666666666668
0 0.7275 0.51 0.2125 0.2683333333333333
1 0.67625 0.7525 0.48125 0.41333333333333333
1 0.909375 0.6191666666666666 0.16625 0.42833333333333334
4 0.431875 0.53 0.34375 0.31166666666666665
4 0.404375 0.31666666666666665 0.3325 0.29333333333333333
4 0.5625 0.25 0.2775 0.285
4 0.265 0.235 0.19875 0.335
4 0.136875 0.6933333333333334 0.23125 0.23833333333333334
5 0.258125 0.5758333333333333 0.25875 0.5983333333333334
10 0.7125 0.22416666666666665 0.0875 0.12
10 0.69625 0.33916666666666667 0.1025 0.12166666666666667
7 0.414375 0.8458333333333333 0.465 0.24166666666666667
10 0.366875 0.20333333333333334 0.22375 0.15833333333333333