11 0.171875 0.8541666666666666 0.244375 0.14083333333333334
10 0.51875 0.8475 0.479375 0.23416666666666666
10 0.41875 0.2916666666666667 0.266875 0.185
10 0.1225 0.9558333333333333 0.1375 0.08833333333333333
7 0.53 0.6033333333333334 0.416875 0.26666666666666666
7 0.8375 0.7816666666666666 0.325 0.23333333333333334
7 0.923125 0.5316666666666666 0.153125 0.365
7 0.6775 0.30416666666666664 0.119375 0.2275
7 0.58875 0.30833333333333335 0.16 0.3425
5 0.181875 0.5975 0.153125 0.565
4 0.2625 0.26166666666666666 0.204375 0.2891666666666667
4 0.274375 0.16333333333333333 0.150625 0.18666666666666668
0 0.7125 0.5183333333333333 0.18875 0.2525