5 0.225625 0.6133333333333333 0.249375 0.5208333333333334
6 0.6325 0.7083333333333334 0.2675 0.47333333333333333
6 0.855625 0.7016666666666667 0.21125 0.4075
6 0.879375 0.6083333333333333 0.24125 0.34
6 0.520625 0.58 0.39 0.29333333333333333
6 0.53 0.30416666666666664 0.33125 0.32666666666666666
6 0.584375 0.2633333333333333 0.259375 0.315
6 0.67625 0.175 0.12625 0.19833333333333333
7 0.255625 0.2025 0.225 0.2841666666666667
11 0.168125 0.8566666666666667 0.24625 0.14833333333333334
10 0.106875 0.6016666666666667 0.17625 0.4083333333333333