11 0.173125 0.855 0.240625 0.14416666666666667
0 0.71875 0.52 0.18125 0.26
10 0.86125 0.48 0.09375 0.18333333333333332
10 0.905 0.6958333333333333 0.1175 0.4266666666666667
10 0.555625 0.5583333333333333 0.271875 0.45916666666666667
10 0.4825 0.29083333333333333 0.29125 0.20083333333333334
10 0.298125 0.195 0.17625 0.14
10 0.2325 0.31 0.151875 0.25833333333333336
10 0.28875 0.6225 0.360625 0.3491666666666667
7 0.684375 0.8508333333333333 0.495 0.19166666666666668
7 0.670625 0.2791666666666667 0.13125 0.2175
4 0.16 0.5658333333333333 0.149375 0.3416666666666667
10 0.64625 0.15833333333333333 0.11625 0.09