11 0.8375 0.8833333333333333 0.295 0.19833333333333333
10 0.425625 0.855 0.54125 0.29
10 0.77625 0.5508333333333333 0.2875 0.5666666666666667
1 0.896875 0.58 0.1775 0.5733333333333334
10 0.475625 0.14166666666666666 0.3575 0.2633333333333333
10 0.326875 0.049166666666666664 0.14125 0.09833333333333333
10 0.686875 0.15916666666666668 0.255 0.26666666666666666
10 0.740625 0.065 0.22875 0.10666666666666667
1 0.788125 0.24083333333333334 0.205 0.32166666666666666
0 0.219375 0.42333333333333334 0.25 0.3383333333333333
6 0.09375 0.3283333333333333 0.1825 0.24833333333333332
1 0.2575 0.19666666666666666 0.13125 0.16666666666666666
4 0.601875 0.4116666666666667 0.24 0.42333333333333334
10 0.576875 0.5733333333333334 0.415 0.41333333333333333