10 0.673125 0.1275 0.25125 0.20666666666666667
10 0.578125 0.21916666666666668 0.3475 0.22166666666666668
10 0.35875 0.2608333333333333 0.26875 0.26
10 0.310625 0.13833333333333334 0.15375 0.12333333333333334
6 0.150625 0.6808333333333333 0.30125 0.425
10 0.08875 0.5441666666666667 0.15375 0.23666666666666666
10 0.845625 0.515 0.21125 0.49833333333333335
10 0.78625 0.5525 0.2525 0.485
8 0.6975 0.6083333333333333 0.3375 0.6233333333333333
11 0.87125 0.7925 0.2575 0.195
0 0.2775 0.5333333333333333 0.22875 0.30833333333333335
10 0.22 0.8333333333333334 0.3975 0.3333333333333333
4 0.491875 0.8083333333333333 0.435 0.375
4 0.55375 0.6591666666666667 0.4125 0.38333333333333336