0 0.28375 0.5466666666666666 0.25625 0.3416666666666667
11 0.88875 0.865 0.2225 0.19666666666666666
10 0.83375 0.25083333333333335 0.1425 0.32166666666666666
7 0.54875 0.32083333333333336 0.4325 0.33666666666666667
7 0.54 0.5975 0.47875 0.32
7 0.204375 0.7741666666666667 0.39625 0.39666666666666667
6 0.143125 0.595 0.28625 0.27666666666666667
7 0.105625 0.5233333333333333 0.14 0.215
7 0.28375 0.07083333333333333 0.2375 0.12166666666666667
7 0.276875 0.14 0.1475 0.16333333333333333
7 0.559375 0.865 0.59625 0.27
5 0.96125 0.5725 0.0775 0.5316666666666666
5 0.84 0.5733333333333334 0.255 0.6816666666666666
6 0.399375 0.24916666666666668 0.30875 0.43166666666666664