10 0.28875 0.1925 0.181875 0.12
10 0.12625 0.6133333333333333 0.128125 0.4091666666666667
5 0.22125 0.6125 0.215625 0.5066666666666667
5 0.35375 0.6941666666666667 0.3425 0.4033333333333333
7 0.48125 0.8741666666666666 0.475625 0.17333333333333334
7 0.5525 0.20166666666666666 0.296875 0.22666666666666666
7 0.578125 0.2758333333333333 0.283125 0.21333333333333335
6 0.865 0.6825 0.235625 0.4008333333333333
6 0.505 0.4425 0.390625 0.22166666666666668
6 0.588125 0.6425 0.350625 0.3375
0 0.708125 0.515 0.19125 0.25416666666666665
11 0.15375 0.8516666666666667 0.211875 0.135