10 0.6175 0.5591666666666667 0.21875 0.44916666666666666
11 0.1725 0.8508333333333333 0.24125 0.13416666666666666
0 0.714375 0.5175 0.184375 0.25916666666666666
4 0.289375 0.2125 0.176875 0.1825
4 0.92625 0.6683333333333333 0.1475 0.41
5 0.2375 0.6125 0.2175 0.54
5 0.08125 0.6066666666666667 0.135 0.4866666666666667
7 0.368125 0.5933333333333334 0.234375 0.5233333333333333
7 0.19625 0.35 0.13875 0.36333333333333334
7 0.503125 0.2275 0.3 0.2275
7 0.77375 0.7066666666666667 0.261875 0.44166666666666665
7 0.421875 0.7191666666666666 0.328125 0.43333333333333335
7 0.669375 0.18333333333333332 0.094375 0.21