0 0.725 0.56 0.21625 0.28833333333333333
11 0.143125 0.86 0.26625 0.17666666666666667
1 0.3825 0.8233333333333334 0.4125 0.35333333333333333
1 0.11125 0.6075 0.17875 0.44
10 0.25625 0.28833333333333333 0.25125 0.27166666666666667
10 0.305625 0.16583333333333333 0.215 0.15
10 0.1925 0.5566666666666666 0.19625 0.4533333333333333
10 0.4 0.5266666666666666 0.2225 0.5033333333333333
10 0.554375 0.43 0.275 0.39
10 0.669375 0.7758333333333334 0.31625 0.4483333333333333
10 0.900625 0.7608333333333334 0.19625 0.44666666666666666
10 0.920625 0.5575 0.1575 0.215
6 0.623125 0.32166666666666666 0.24 0.37333333333333335
10 0.6725 0.18166666666666667 0.1175 0.10833333333333334