0 0.708125 0.5366666666666666 0.2225 0.30333333333333334
11 0.12875 0.8208333333333333 0.2575 0.185
10 0.445 0.8508333333333333 0.48125 0.28833333333333333
5 0.1125 0.54 0.225 0.5133333333333333
10 0.131875 0.615 0.17 0.3933333333333333
10 0.318125 0.13916666666666666 0.2575 0.16
7 0.43125 0.3858333333333333 0.395 0.40166666666666667
1 0.4425 0.2708333333333333 0.31875 0.26666666666666666
10 0.593125 0.30666666666666664 0.205 0.22333333333333333
1 0.891875 0.7116666666666667 0.19625 0.47
10 0.851875 0.49166666666666664 0.1025 0.16
4 0.38 0.6333333333333333 0.42875 0.32666666666666666
7 0.718125 0.11583333333333333 0.0875 0.12833333333333333