1 0.716875 0.6966666666666667 0.465 0.4666666666666667
1 0.903125 0.5025 0.1875 0.43
0 0.70875 0.4608333333333333 0.2275 0.3
11 0.21625 0.9141666666666667 0.2625 0.17166666666666666
7 0.27 0.24583333333333332 0.3225 0.3433333333333333
10 0.31875 0.27166666666666667 0.23125 0.16666666666666666
10 0.6475 0.2991666666666667 0.105 0.14666666666666667
10 0.65 0.18833333333333332 0.095 0.12333333333333334
4 0.50625 0.26 0.3 0.325
4 0.385625 0.395 0.31375 0.29
7 0.4275 0.6891666666666667 0.4175 0.6216666666666667
4 0.14625 0.8508333333333333 0.1725 0.29333333333333333
5 0.255625 0.6741666666666667 0.25 0.5883333333333334
4 0.448125 0.5391666666666667 0.315 0.31833333333333336