7 0.239375 0.32916666666666666 0.184375 0.3233333333333333
7 0.65 0.1075 0.196875 0.13
7 0.51875 0.195 0.319375 0.17583333333333334
6 0.571875 0.305 0.30125 0.235
6 0.52125 0.3908333333333333 0.368125 0.23416666666666666
6 0.511875 0.6041666666666666 0.411875 0.31916666666666665
6 0.89 0.6316666666666667 0.22 0.38416666666666666
6 0.769375 0.7241666666666666 0.169375 0.45666666666666667
6 0.6375 0.7233333333333334 0.245625 0.4875
7 0.12125 0.5858333333333333 0.194375 0.4425
11 0.169375 0.8541666666666666 0.243125 0.15416666666666667