7 0.53375 0.7933333333333333 0.54625 0.36333333333333334
7 0.163125 0.7241666666666666 0.3225 0.345
7 0.439375 0.31333333333333335 0.375 0.22833333333333333
7 0.639375 0.3416666666666667 0.23875 0.43
7 0.74125 0.6016666666666667 0.22625 0.5316666666666666
7 0.893125 0.5083333333333333 0.20375 0.46166666666666667
6 0.479375 0.4725 0.38 0.31333333333333335
6 0.145625 0.4741666666666667 0.18 0.23666666666666666
4 0.848125 0.7458333333333333 0.21125 0.21833333333333332
11 0.845 0.8458333333333333 0.24875 0.16
10 0.695625 0.20416666666666666 0.20375 0.14833333333333334
10 0.825625 0.42333333333333334 0.15375 0.41333333333333333
10 0.3225 0.25166666666666665 0.10875 0.26
0 0.284375 0.535 0.1875 0.275