6 0.4575 0.325 0.36125 0.4066666666666667
0 0.280625 0.5283333333333333 0.21125 0.285
7 0.13375 0.5166666666666667 0.13625 0.22333333333333333
4 0.095 0.7208333333333333 0.18875 0.40166666666666667
10 0.490625 0.8125 0.42125 0.34833333333333333
1 0.70125 0.6158333333333333 0.21125 0.5133333333333333
8 0.83625 0.6316666666666667 0.14875 0.43666666666666665
11 0.85 0.8316666666666667 0.25875 0.17
10 0.70875 0.14833333333333334 0.1925 0.145
1 0.76875 0.31666666666666665 0.20125 0.33666666666666667
7 0.393125 0.24 0.1875 0.225