11 0.17625 0.8558333333333333 0.241875 0.13916666666666666
5 0.13375 0.6433333333333333 0.215625 0.5158333333333334
7 0.81875 0.8508333333333333 0.361875 0.22
7 0.45125 0.5208333333333334 0.4125 0.2075
7 0.288125 0.23583333333333334 0.143125 0.2833333333333333
7 0.19125 0.26416666666666666 0.133125 0.275
6 0.880625 0.5975 0.23875 0.325
6 0.58875 0.2966666666666667 0.271875 0.31833333333333336
6 0.5125 0.3983333333333333 0.38375 0.24833333333333332
6 0.556875 0.6658333333333334 0.408125 0.3725
6 0.703125 0.7116666666666667 0.281875 0.4558333333333333