5 0.72 0.6616666666666666 0.26875 0.6216666666666667
7 0.905625 0.6233333333333333 0.18875 0.5533333333333333
7 0.640625 0.3016666666666667 0.28 0.38166666666666665
4 0.83375 0.27 0.18125 0.2633333333333333
1 0.441875 0.2775 0.28625 0.355
1 0.37875 0.37083333333333335 0.26375 0.3383333333333333
1 0.15875 0.7633333333333333 0.3175 0.39666666666666667
1 0.524375 0.8275 0.46375 0.345
1 0.53 0.6033333333333334 0.46 0.315
0 0.253125 0.4875 0.22375 0.305
11 0.80875 0.9208333333333333 0.2525 0.15833333333333333
10 0.073125 0.4683333333333333 0.14625 0.31
10 0.809375 0.6591666666666667 0.1875 0.4716666666666667