7 0.30625 0.15416666666666667 0.248125 0.1875
7 0.299375 0.30833333333333335 0.135 0.265
7 0.510625 0.5175 0.33375 0.4225
11 0.168125 0.8525 0.249375 0.15083333333333335
10 0.3475 0.7241666666666666 0.35625 0.2675
1 0.561875 0.8566666666666667 0.480625 0.21666666666666667
10 0.796875 0.745 0.328125 0.35583333333333333
1 0.865625 0.5608333333333333 0.179375 0.34
10 0.654375 0.3641666666666667 0.2425 0.1725
10 0.6275 0.17 0.159375 0.11166666666666666
10 0.185625 0.31833333333333336 0.110625 0.2675
8 0.155 0.6616666666666666 0.180625 0.3858333333333333
0 0.713125 0.5183333333333333 0.183125 0.2658333333333333