0 0.695625 0.5141666666666667 0.2175 0.28833333333333333
7 0.44 0.4825 0.44875 0.42333333333333334
10 0.523125 0.2758333333333333 0.30625 0.22166666666666668
10 0.6175 0.18083333333333335 0.1675 0.20166666666666666
1 0.3075 0.19833333333333333 0.15625 0.24333333333333335
10 0.248125 0.28833333333333333 0.2225 0.25333333333333335
10 0.1475 0.6 0.21125 0.46
1 0.0775 0.5675 0.14625 0.4766666666666667
11 0.12125 0.8441666666666666 0.2425 0.165
10 0.459375 0.8458333333333333 0.4675 0.2833333333333333
10 0.800625 0.7875 0.2925 0.35833333333333334
1 0.831875 0.5725 0.2 0.39