5 0.115625 0.7341666666666666 0.23125 0.5316666666666666
11 0.1175 0.9783333333333334 0.2 0.043333333333333335
10 0.174375 0.47 0.1725 0.3883333333333333
10 0.37125 0.4425 0.315 0.40166666666666667
10 0.885 0.5225 0.115 0.17833333333333334
10 0.82125 0.9266666666666666 0.3575 0.12666666666666668
10 0.4475 0.945 0.5275 0.11
7 0.1975 0.17833333333333334 0.23875 0.215
10 0.7375 0.8058333333333333 0.47625 0.3883333333333333
1 0.52 0.49916666666666665 0.27125 0.49333333333333335
0 0.698125 0.585 0.24125 0.2816666666666667
7 0.243125 0.795 0.45625 0.41