0 0.71375 0.52 0.1925 0.25333333333333335
10 0.5075 0.355 0.31625 0.25083333333333335
1 0.688125 0.18916666666666668 0.20125 0.14083333333333334
10 0.49875 0.7191666666666666 0.244375 0.4716666666666667
1 0.35 0.625 0.275625 0.45416666666666666
1 0.219375 0.6416666666666667 0.233125 0.4083333333333333
1 0.13375 0.61 0.160625 0.4266666666666667
1 0.285625 0.31666666666666665 0.225 0.2833333333333333
10 0.32375 0.18166666666666667 0.218125 0.10333333333333333
1 0.239375 0.3358333333333333 0.160625 0.24916666666666668
10 0.888125 0.6425 0.16625 0.4675
4 0.818125 0.8341666666666666 0.205 0.23583333333333334
11 0.17375 0.8533333333333334 0.24375 0.14666666666666667