7 0.61 0.6508333333333334 0.4775 0.5816666666666667
7 0.91625 0.5791666666666667 0.1675 0.265
7 0.245 0.14916666666666667 0.2125 0.29833333333333334
7 0.2575 0.5858333333333333 0.28125 0.65
5 0.104375 0.4716666666666667 0.20875 0.5466666666666666
4 0.299375 0.24583333333333332 0.27625 0.37166666666666665
7 0.7275 0.21916666666666668 0.1475 0.28
10 0.56625 0.2775 0.31875 0.28
10 0.91875 0.7916666666666666 0.15 0.4166666666666667
10 0.535625 0.8408333333333333 0.48875 0.31833333333333336
11 0.131875 0.7625 0.26375 0.22166666666666668
0 0.74 0.5683333333333334 0.245 0.3233333333333333