7 0.284375 0.15333333333333332 0.19375 0.15166666666666667
7 0.35125 0.26666666666666666 0.3175 0.20583333333333334
7 0.63 0.12833333333333333 0.205625 0.16916666666666666
7 0.471875 0.3591666666666667 0.40125 0.26416666666666666
7 0.886875 0.4658333333333333 0.1325 0.26166666666666666
7 0.885625 0.71 0.22875 0.3541666666666667
5 0.0925 0.6125 0.134375 0.47833333333333333
7 0.208125 0.6025 0.214375 0.44166666666666665
10 0.3225 0.6508333333333334 0.29125 0.385
10 0.514375 0.82 0.443125 0.2891666666666667
10 0.541875 0.35833333333333334 0.310625 0.27416666666666667
11 0.1725 0.855 0.244375 0.14583333333333334
0 0.708125 0.5208333333333334 0.196875 0.25833333333333336