10 0.34625 0.5933333333333334 0.2875 0.5483333333333333
10 0.46375 0.85 0.4975 0.3
10 0.58375 0.08333333333333333 0.175 0.145
1 0.60625 0.49666666666666665 0.35375 0.49833333333333335
0 0.69125 0.4575 0.24125 0.30833333333333335
1 0.87 0.43166666666666664 0.17625 0.27666666666666667
1 0.7975 0.7383333333333333 0.405 0.45
1 0.2375 0.2925 0.32375 0.26
1 0.22625 0.22 0.3025 0.25833333333333336
11 0.1475 0.91 0.245 0.18
1 0.613125 0.22416666666666665 0.21 0.27666666666666667
8 0.24125 0.6708333333333333 0.27 0.5883333333333334
8 0.125625 0.6716666666666666 0.25125 0.5333333333333333
1 0.128125 0.6408333333333334 0.25625 0.515