4 0.3575 0.8816666666666667 0.5225 0.23666666666666666
5 0.8125 0.675 0.205 0.58
7 0.465625 0.5475 0.31125 0.6066666666666667
7 0.7975 0.2608333333333333 0.16125 0.305
10 0.479375 0.38 0.3575 0.30666666666666664
10 0.424375 0.2808333333333333 0.33125 0.27
10 0.37125 0.13666666666666666 0.17125 0.165
10 0.104375 0.5875 0.18375 0.465
10 0.748125 0.8025 0.3475 0.26
11 0.79125 0.92 0.2825 0.16
0 0.233125 0.49166666666666664 0.235 0.31166666666666665
1 0.06875 0.6591666666666667 0.1375 0.45166666666666666