11 0.824375 0.8925 0.2575 0.16833333333333333
5 0.776875 0.6708333333333333 0.30875 0.44333333333333336
5 0.886875 0.6133333333333333 0.21375 0.5083333333333333
6 0.346875 0.225 0.1425 0.37333333333333335
6 0.47875 0.3233333333333333 0.36375 0.325
6 0.130625 0.6391666666666667 0.26125 0.43833333333333335
6 0.110625 0.5066666666666667 0.22125 0.2833333333333333
6 0.47 0.55 0.41875 0.29333333333333333
6 0.390625 0.7075 0.37625 0.5566666666666666
7 0.314375 0.06416666666666666 0.20125 0.12833333333333333
4 0.759375 0.18416666666666667 0.16 0.18166666666666667