11 0.90375 0.8366666666666667 0.1925 0.18666666666666668
0 0.299375 0.6175 0.245 0.3383333333333333
7 0.67125 0.8075 0.515 0.385
7 0.37125 0.9 0.5475 0.2
4 0.91375 0.5225 0.1725 0.43166666666666664
10 0.76125 0.635 0.41875 0.44666666666666666
10 0.46 0.6075 0.4 0.5583333333333333
10 0.1175 0.8083333333333333 0.1875 0.38333333333333336
10 0.12875 0.6191666666666666 0.12125 0.21666666666666667
10 0.51 0.30833333333333335 0.4 0.2966666666666667
10 0.35 0.2733333333333333 0.19 0.25666666666666665
10 0.718125 0.14666666666666667 0.215 0.21
10 0.80125 0.26166666666666666 0.20125 0.32166666666666666