5 0.7775 0.5516666666666666 0.275 0.6033333333333334
5 0.838125 0.475 0.31375 0.6816666666666666
6 0.474375 0.5033333333333333 0.44875 0.37
6 0.2725 0.7533333333333333 0.3075 0.49333333333333335
7 0.103125 0.7575 0.20625 0.485
6 0.37625 0.29833333333333334 0.3225 0.415
7 0.7675 0.1375 0.1775 0.275
11 0.878125 0.7725 0.24375 0.22833333333333333
10 0.911875 0.5033333333333333 0.17625 0.44666666666666666
0 0.276875 0.565 0.25125 0.3283333333333333
6 0.25 0.21166666666666667 0.19375 0.31333333333333335