11 0.834375 0.8375 0.26375 0.16833333333333333
10 0.170625 0.8341666666666666 0.33 0.28
10 0.53 0.2833333333333333 0.33625 0.28
8 0.58625 0.8491666666666666 0.4375 0.25833333333333336
7 0.888125 0.5183333333333333 0.16625 0.5083333333333333
7 0.731875 0.6133333333333333 0.35875 0.3933333333333333
7 0.6625 0.32416666666666666 0.3425 0.33
7 0.75125 0.17583333333333334 0.2975 0.3516666666666667
1 0.31625 0.20333333333333334 0.165 0.14166666666666666
1 0.31625 0.31333333333333335 0.155 0.17
1 0.08 0.5608333333333333 0.16 0.38166666666666665
0 0.248125 0.49166666666666664 0.215 0.26
7 0.198125 0.62 0.36125 0.26666666666666666
10 0.660625 0.1125 0.17125 0.135