5 0.249375 0.6275 0.18125 0.5166666666666667
5 0.185 0.5716666666666667 0.20875 0.5816666666666667
6 0.515625 0.5125 0.383125 0.24666666666666667
6 0.73375 0.7141666666666666 0.220625 0.45416666666666666
7 0.909375 0.6583333333333333 0.18125 0.42333333333333334
6 0.5775 0.30583333333333335 0.254375 0.32166666666666666
7 0.19875 0.22 0.123125 0.2941666666666667
11 0.16875 0.8533333333333334 0.244375 0.14916666666666667
10 0.105 0.6183333333333333 0.141875 0.38
0 0.70125 0.5225 0.1975 0.25583333333333336
6 0.679375 0.19833333333333333 0.14375 0.25583333333333336