7 0.686875 0.5391666666666667 0.41125 0.415
0 0.7175 0.505 0.171875 0.22583333333333333
11 0.17125 0.8566666666666667 0.23875 0.14583333333333334
5 0.213125 0.5983333333333334 0.218125 0.5458333333333333
10 0.145625 0.52 0.155 0.3625
10 0.64375 0.16416666666666666 0.125 0.125
7 0.818125 0.6816666666666666 0.253125 0.5216666666666666
10 0.89 0.59 0.153125 0.3625
7 0.33375 0.26416666666666666 0.3175 0.2625
7 0.241875 0.22 0.215 0.18333333333333332
7 0.556875 0.8466666666666667 0.476875 0.215
5 0.36375 0.7108333333333333 0.380625 0.38916666666666666
7 0.6725 0.29083333333333333 0.088125 0.10916666666666666