10 0.25875 0.19666666666666666 0.17125 0.15666666666666668
10 0.2975 0.36 0.2075 0.23833333333333334
8 0.89875 0.5358333333333334 0.2025 0.49166666666666664
11 0.8775 0.7833333333333333 0.245 0.23333333333333334
5 0.75375 0.5808333333333333 0.305 0.6416666666666667
5 0.848125 0.5183333333333333 0.26125 0.6133333333333333
7 0.53125 0.215 0.3725 0.3383333333333333
6 0.1275 0.7716666666666666 0.2475 0.45666666666666667
6 0.08875 0.6116666666666667 0.1775 0.28
6 0.445 0.43 0.4325 0.36333333333333334
6 0.480625 0.605 0.47875 0.42833333333333334
6 0.4 0.7241666666666666 0.45 0.5516666666666666
6 0.15125 0.7883333333333333 0.28 0.42333333333333334