0 0.6925 0.5908333333333333 0.26375 0.34833333333333333
11 0.1025 0.7633333333333333 0.205 0.24666666666666667
10 0.080625 0.4816666666666667 0.16125 0.49666666666666665
6 0.5825 0.7358333333333333 0.3825 0.5283333333333333
6 0.805625 0.7916666666666666 0.32125 0.4166666666666667
6 0.843125 0.7658333333333334 0.29875 0.44166666666666665
6 0.520625 0.465 0.42875 0.4266666666666667
6 0.6125 0.28833333333333333 0.33875 0.42
7 0.716875 0.19666666666666666 0.21 0.30666666666666664
7 0.311875 0.10916666666666666 0.26625 0.21833333333333332
7 0.24875 0.54 0.30625 0.775
5 0.125625 0.545 0.25125 0.56