1 0.590625 0.6758333333333333 0.31625 0.6483333333333333
1 0.425 0.49166666666666664 0.31625 0.44666666666666666
1 0.521875 0.32083333333333336 0.365 0.32
1 0.66875 0.21 0.2625 0.23333333333333334
1 0.65 0.12583333333333332 0.19125 0.155
1 0.776875 0.38416666666666666 0.19125 0.36666666666666664
1 0.09625 0.7408333333333333 0.1925 0.5183333333333333
1 0.069375 0.5758333333333333 0.13875 0.225
1 0.2675 0.265 0.2325 0.31833333333333336
1 0.25125 0.14916666666666667 0.125 0.12
0 0.225625 0.5583333333333333 0.2475 0.325
4 0.210625 0.8075 0.34375 0.385
10 0.87125 0.5858333333333333 0.1875 0.475
11 0.86 0.8533333333333334 0.28 0.19666666666666666