7 0.520625 0.49666666666666665 0.464375 0.2925
7 0.54125 0.26916666666666667 0.19125 0.22416666666666665
7 0.821875 0.5608333333333333 0.181875 0.415
7 0.951875 0.6075 0.09625 0.445
5 0.415 0.7875 0.4625 0.2225
5 0.211875 0.6058333333333333 0.194375 0.5025
5 0.105 0.5833333333333334 0.133125 0.4816666666666667
4 0.265 0.25833333333333336 0.24375 0.27166666666666667
4 0.289375 0.16583333333333333 0.18 0.12666666666666668
4 0.664375 0.11166666666666666 0.17125 0.22333333333333333
6 0.664375 0.3425 0.091875 0.2475
0 0.714375 0.5166666666666667 0.19375 0.2575
11 0.174375 0.8516666666666667 0.256875 0.14833333333333334