11 0.18375 0.9241666666666667 0.28 0.15166666666666667
0 0.7625 0.47833333333333333 0.23875 0.30333333333333334
1 0.733125 0.7508333333333334 0.53375 0.475
1 0.9375 0.5633333333333334 0.125 0.47
4 0.445 0.5608333333333333 0.3825 0.3566666666666667
4 0.39125 0.33416666666666667 0.37 0.335
4 0.554375 0.23083333333333333 0.30875 0.325
4 0.23125 0.27416666666666667 0.22625 0.375
4 0.145 0.7966666666666666 0.2575 0.27
5 0.2625 0.645 0.29875 0.665
10 0.71375 0.17333333333333334 0.0975 0.135
10 0.70875 0.30083333333333334 0.11375 0.13833333333333334
7 0.460625 0.8808333333333334 0.51125 0.23833333333333334
10 0.338125 0.22 0.2475 0.18333333333333332