11 0.14625 0.855 0.25 0.15
10 0.608125 0.5583333333333333 0.29625 0.43666666666666665
7 0.819375 0.6891666666666667 0.36125 0.4633333333333333
10 0.92625 0.6316666666666667 0.13125 0.45
5 0.341875 0.7308333333333333 0.41 0.37
5 0.065 0.5808333333333333 0.13 0.495
7 0.17875 0.5675 0.2725 0.5583333333333333
7 0.175625 0.315 0.13625 0.36833333333333335
7 0.36625 0.39416666666666667 0.12875 0.425
7 0.516875 0.19083333333333333 0.28875 0.25333333333333335
4 0.266875 0.18583333333333332 0.1525 0.18
10 0.64 0.0975 0.1325 0.13333333333333333
0 0.716875 0.4975 0.20125 0.265