11 0.861875 0.835 0.255 0.17166666666666666
0 0.2825 0.5408333333333334 0.2 0.285
10 0.13375 0.5141666666666667 0.10625 0.19833333333333333
10 0.100625 0.74 0.14375 0.45166666666666666
10 0.451875 0.5658333333333333 0.305 0.49833333333333335
10 0.513125 0.2825 0.31125 0.235
10 0.6975 0.16666666666666666 0.18875 0.16
10 0.771875 0.2791666666666667 0.17 0.28
10 0.730625 0.6058333333333333 0.39 0.3933333333333333
7 0.335 0.8775 0.52 0.245
7 0.31875 0.2891666666666667 0.1475 0.23666666666666666
4 0.859375 0.5358333333333334 0.17125 0.36666666666666664
10 0.3375 0.16166666666666665 0.125 0.105