6 0.535 0.3325 0.338125 0.37333333333333335
0 0.715 0.5191666666666667 0.19625 0.265
7 0.8575 0.49666666666666665 0.125 0.20833333333333334
4 0.90875 0.6933333333333334 0.1825 0.38
10 0.521875 0.81 0.39875 0.31166666666666665
1 0.31 0.6325 0.18625 0.4875
8 0.17875 0.6566666666666666 0.129375 0.4166666666666667
11 0.173125 0.8525 0.24625 0.14833333333333334
10 0.284375 0.17833333333333334 0.183125 0.12833333333333333
1 0.231875 0.3458333333333333 0.184375 0.31583333333333335
7 0.594375 0.24666666666666667 0.175 0.20666666666666667