11 0.19 0.9275 0.27 0.145
10 0.549375 0.8758333333333334 0.48625 0.24833333333333332
10 0.319375 0.7691666666666667 0.39875 0.36833333333333335
10 0.234375 0.24666666666666667 0.235 0.20166666666666666
10 0.325 0.3883333333333333 0.33875 0.25166666666666665
10 0.735 0.6933333333333334 0.42375 0.4116666666666667
10 0.926875 0.6075 0.14625 0.465
10 0.60875 0.15166666666666667 0.1575 0.16166666666666665
8 0.185 0.7225 0.28875 0.5266666666666666
10 0.745625 0.33666666666666667 0.28875 0.40166666666666667
7 0.56375 0.36 0.1775 0.4216666666666667
0 0.70875 0.4825 0.22375 0.2916666666666667
7 0.101875 0.5091666666666667 0.20375 0.4683333333333333