11 0.169375 0.8583333333333333 0.249375 0.14583333333333334
10 0.53 0.865 0.460625 0.19083333333333333
10 0.21375 0.6341666666666667 0.188125 0.45
8 0.1275 0.6275 0.156875 0.42916666666666664
7 0.65 0.6558333333333334 0.366875 0.39166666666666666
7 0.91125 0.6241666666666666 0.1775 0.4008333333333333
7 0.35875 0.36916666666666664 0.3025 0.2375
7 0.311875 0.17583333333333334 0.12375 0.23916666666666667
7 0.686875 0.14666666666666667 0.20625 0.21166666666666667
7 0.1825 0.2758333333333333 0.090625 0.30833333333333335
4 0.236875 0.2075 0.075 0.14416666666666667
6 0.565625 0.29 0.27625 0.3458333333333333
0 0.711875 0.5191666666666667 0.18625 0.2758333333333333