4 0.176875 0.6841666666666667 0.30125 0.4033333333333333
5 0.843125 0.6608333333333334 0.2125 0.565
7 0.65375 0.5425 0.37375 0.6566666666666666
11 0.855 0.9091666666666667 0.24 0.18166666666666667
0 0.313125 0.4683333333333333 0.24 0.315
10 0.529375 0.7858333333333334 0.47 0.395
10 0.6525 0.25333333333333335 0.335 0.22
10 0.429375 0.21666666666666667 0.2075 0.205
10 0.755625 0.16416666666666666 0.2325 0.14666666666666667
10 0.885 0.3275 0.21375 0.29
10 0.13375 0.38666666666666666 0.11 0.185
7 0.0875 0.5883333333333334 0.175 0.4633333333333333
1 0.4275 0.11833333333333333 0.1725 0.16666666666666666
5 0.939375 0.68 0.12125 0.48333333333333334