7 0.279375 0.4475 0.28 0.36
10 0.430625 0.7483333333333333 0.40875 0.5033333333333333
5 0.36125 0.7433333333333333 0.42125 0.45666666666666667
4 0.16375 0.6758333333333333 0.27125 0.42
4 0.74125 0.7316666666666667 0.3625 0.38166666666666665
0 0.705625 0.46416666666666667 0.24 0.31333333333333335
11 0.206875 0.9158333333333334 0.26625 0.16833333333333333
10 0.51125 0.48833333333333334 0.35 0.46
10 0.4625 0.2675 0.3125 0.21666666666666667
10 0.575625 0.13583333333333333 0.12875 0.14
10 0.276875 0.21916666666666668 0.28875 0.18833333333333332
10 0.87 0.3775 0.12375 0.20333333333333334
10 0.5825 0.32 0.34375 0.23333333333333334
1 0.253125 0.37833333333333335 0.2475 0.3233333333333333