4 0.21125 0.24583333333333332 0.110625 0.22166666666666668
4 0.930625 0.6466666666666666 0.13875 0.44166666666666665
5 0.1775 0.585 0.22 0.5416666666666666
5 0.07625 0.5916666666666667 0.136875 0.48583333333333334
7 0.34 0.31666666666666665 0.14875 0.4116666666666667
7 0.508125 0.2791666666666667 0.29375 0.37916666666666665
7 0.653125 0.2941666666666667 0.17375 0.255
7 0.7975 0.6991666666666667 0.405 0.265
7 0.8575 0.5216666666666666 0.126875 0.31666666666666665
7 0.315625 0.6958333333333333 0.43875 0.4025
10 0.51 0.8408333333333333 0.445 0.23833333333333334
11 0.175 0.8541666666666666 0.243125 0.14083333333333334
0 0.71 0.5033333333333333 0.193125 0.225