10 0.329375 0.6475 0.35 0.3575
10 0.605 0.7675 0.413125 0.38416666666666666
10 0.88125 0.6466666666666666 0.175 0.3958333333333333
10 0.886875 0.4666666666666667 0.0875 0.1425
10 0.6425 0.17 0.144375 0.11583333333333333
10 0.54125 0.43833333333333335 0.26625 0.3858333333333333
10 0.6 0.2941666666666667 0.24125 0.19166666666666668
5 0.136875 0.61 0.18375 0.4716666666666667
10 0.17 0.49166666666666664 0.134375 0.35833333333333334
11 0.170625 0.8566666666666667 0.24125 0.1425
4 0.2425 0.225 0.114375 0.21166666666666667
1 0.345 0.3875 0.198125 0.35833333333333334
0 0.711875 0.505 0.185625 0.22833333333333333
7 0.83625 0.7933333333333333 0.32625 0.3075