5 0.391875 0.7841666666666667 0.3975 0.2525
5 0.280625 0.6758333333333333 0.309375 0.405
5 0.183125 0.6041666666666666 0.219375 0.485
11 0.174375 0.8566666666666667 0.245 0.13833333333333334
1 0.310625 0.24833333333333332 0.24125 0.16416666666666666
1 0.29 0.36583333333333334 0.271875 0.17583333333333334
1 0.625625 0.32 0.211875 0.26416666666666666
1 0.8825 0.69 0.1775 0.39666666666666667
1 0.709375 0.7583333333333333 0.370625 0.38083333333333336
10 0.868125 0.4875 0.138125 0.18666666666666668
10 0.641875 0.16416666666666666 0.14125 0.10833333333333334
0 0.709375 0.515 0.19375 0.24416666666666667