1 0.395625 0.33916666666666667 0.21125 0.2658333333333333
0 0.70875 0.5191666666666667 0.195 0.2658333333333333
11 0.170625 0.8533333333333334 0.24875 0.1425
10 0.30125 0.8033333333333333 0.26375 0.29083333333333333
8 0.175625 0.6891666666666667 0.145 0.3433333333333333
10 0.115625 0.6483333333333333 0.10875 0.33666666666666667
10 0.20125 0.395 0.15 0.23583333333333334
10 0.220625 0.26416666666666666 0.131875 0.225
10 0.5525 0.36916666666666664 0.188125 0.25
10 0.6375 0.2 0.11375 0.0925
10 0.87375 0.6958333333333333 0.174375 0.23833333333333334