6 0.5225 0.51 0.5225 0.4266666666666667
7 0.495625 0.325 0.35875 0.2833333333333333
10 0.418125 0.18833333333333332 0.20875 0.20333333333333334
1 0.7425 0.30083333333333334 0.195 0.2833333333333333
10 0.7975 0.415 0.2575 0.315
0 0.28 0.5458333333333333 0.26125 0.3516666666666667
1 0.123125 0.5908333333333333 0.24625 0.425
10 0.151875 0.7825 0.30375 0.35833333333333334
10 0.49625 0.8891666666666667 0.5225 0.22166666666666668
10 0.8625 0.7533333333333333 0.2675 0.49333333333333335
1 0.9225 0.745 0.155 0.51
11 0.83875 0.9733333333333334 0.2275 0.05333333333333334