5 0.315 0.6608333333333334 0.3775 0.46166666666666667
7 0.52875 0.3591666666666667 0.35875 0.32666666666666666
7 0.3525 0.335 0.30625 0.5216666666666666
0 0.70125 0.5625 0.22875 0.30333333333333334
11 0.12625 0.8066666666666666 0.2525 0.17666666666666667
4 0.129375 0.5991666666666666 0.25875 0.3616666666666667
4 0.178125 0.395 0.14875 0.29833333333333334
10 0.341875 0.15416666666666667 0.265 0.15666666666666668
10 0.26125 0.2891666666666667 0.18875 0.255
10 0.461875 0.25333333333333335 0.30875 0.18
1 0.878125 0.715 0.2 0.46166666666666667
1 0.658125 0.8058333333333333 0.41625 0.3883333333333333