4 0.45375 0.6091666666666666 0.4975 0.5083333333333333
0 0.285 0.4675 0.23125 0.31
10 0.155 0.48083333333333333 0.2225 0.395
10 0.169375 0.69 0.33 0.41
10 0.5325 0.8025 0.455 0.395
10 0.64625 0.5566666666666666 0.33375 0.3883333333333333
10 0.77 0.7066666666666667 0.20375 0.45666666666666667
1 0.855625 0.695 0.1825 0.4866666666666667
11 0.778125 0.9166666666666666 0.26625 0.16666666666666666
10 0.74125 0.37666666666666665 0.24625 0.255
1 0.696875 0.2841666666666667 0.1725 0.255
1 0.4775 0.29083333333333333 0.32875 0.31833333333333336
10 0.38875 0.1225 0.10625 0.10333333333333333