11 0.120625 0.8566666666666667 0.24125 0.15333333333333332
5 0.09 0.6241666666666666 0.18 0.57
7 0.80875 0.8516666666666667 0.3825 0.24333333333333335
7 0.411875 0.4891666666666667 0.455 0.23
7 0.231875 0.17333333333333334 0.1575 0.31333333333333335
7 0.124375 0.205 0.1475 0.30333333333333334
6 0.8775 0.5733333333333334 0.245 0.3566666666666667
6 0.564375 0.24083333333333334 0.3 0.3516666666666667
6 0.48 0.35333333333333333 0.42375 0.275
6 0.52875 0.6491666666666667 0.45 0.4116666666666667
6 0.690625 0.6991666666666667 0.31125 0.5033333333333333