11 0.89875 0.9516666666666667 0.1925 0.09666666666666666
10 0.611875 0.435 0.30125 0.435
10 0.565625 0.6191666666666666 0.32625 0.465
10 0.43 0.9216666666666666 0.455 0.15666666666666668
10 0.360625 0.7508333333333334 0.49625 0.29333333333333333
0 0.319375 0.5716666666666667 0.2325 0.2733333333333333
10 0.139375 0.745 0.16125 0.49666666666666665
1 0.39125 0.3175 0.1775 0.30833333333333335
7 0.76375 0.7366666666666667 0.2275 0.5266666666666666
7 0.971875 0.6683333333333333 0.05625 0.5166666666666667
7 0.824375 0.24 0.2625 0.2783333333333333
7 0.334375 0.11083333333333334 0.13875 0.14666666666666667
5 0.905 0.7183333333333334 0.17 0.5633333333333334