11 0.19375 0.8991666666666667 0.25875 0.18166666666666667
6 0.819375 0.6741666666666667 0.21125 0.49166666666666664
6 0.885 0.61 0.23 0.4033333333333333
0 0.7125 0.4875 0.2225 0.2966666666666667
10 0.55125 0.4125 0.32875 0.37166666666666665
10 0.476875 0.26166666666666666 0.3025 0.21833333333333332
10 0.28875 0.20083333333333334 0.20375 0.15
10 0.331875 0.33666666666666667 0.28625 0.27166666666666667
10 0.165 0.3466666666666667 0.12375 0.30666666666666664
8 0.22125 0.685 0.23125 0.4766666666666667
10 0.450625 0.8341666666666666 0.45125 0.33166666666666667
4 0.11875 0.6266666666666667 0.16125 0.4716666666666667