0 0.708125 0.5216666666666666 0.19875 0.2658333333333333
11 0.16875 0.8533333333333334 0.24625 0.15
10 0.39875 0.6691666666666667 0.395625 0.19833333333333333
10 0.3875 0.5491666666666667 0.353125 0.28833333333333333
10 0.29875 0.18416666666666667 0.20875 0.13833333333333334
10 0.196875 0.6075 0.18875 0.44583333333333336
10 0.150625 0.5775 0.179375 0.4575
1 0.8675 0.6791666666666667 0.19875 0.44083333333333335
1 0.471875 0.30916666666666665 0.375 0.20583333333333334
1 0.60875 0.17583333333333334 0.15375 0.12666666666666668
1 0.309375 0.37833333333333335 0.29375 0.245
5 0.383125 0.825 0.418125 0.19333333333333333
1 0.656875 0.23916666666666667 0.131875 0.12666666666666668
1 0.87375 0.43583333333333335 0.078125 0.14083333333333334