7 0.68625 0.1275 0.2525 0.255
4 0.826875 0.7733333333333333 0.26125 0.205
4 0.823125 0.5441666666666667 0.2125 0.28
4 0.40375 0.25583333333333336 0.2725 0.23166666666666666
4 0.27 0.1375 0.1275 0.19666666666666666
7 0.600625 0.38333333333333336 0.36375 0.3283333333333333
7 0.588125 0.12416666666666666 0.33375 0.2
0 0.23875 0.5625 0.215 0.29333333333333333
11 0.834375 0.915 0.265 0.16166666666666665
7 0.7475 0.4575 0.2675 0.4633333333333333
4 0.651875 0.24666666666666667 0.255 0.25333333333333335