5 0.160625 0.6758333333333333 0.32125 0.4583333333333333
11 0.126875 0.8141666666666667 0.25375 0.21833333333333332
10 0.1975 0.3233333333333333 0.1575 0.38333333333333336
6 0.85125 0.7816666666666666 0.28 0.43666666666666665
6 0.874375 0.6916666666666667 0.25 0.35333333333333333
6 0.59625 0.7425 0.395 0.515
6 0.515 0.635 0.4775 0.44666666666666666
6 0.53125 0.37916666666666665 0.44375 0.375
6 0.621875 0.30666666666666664 0.31375 0.39666666666666667
6 0.731875 0.24 0.13875 0.26
7 0.243125 0.32666666666666666 0.18125 0.4