7 0.506875 0.38916666666666666 0.2825 0.4083333333333333
7 0.64625 0.24833333333333332 0.106875 0.37416666666666665
7 0.716875 0.7258333333333333 0.265 0.49166666666666664
7 0.424375 0.7258333333333333 0.335 0.5041666666666667
5 0.09 0.6283333333333333 0.154375 0.4066666666666667
11 0.16375 0.8525 0.234375 0.14583333333333334
10 0.31 0.6683333333333333 0.18375 0.5308333333333334
10 0.209375 0.5758333333333333 0.199375 0.45666666666666667
10 0.4675 0.2725 0.286875 0.1525
4 0.27 0.19166666666666668 0.13625 0.1625
9 0.868125 0.6558333333333334 0.213125 0.3858333333333333
0 0.71125 0.5175 0.204375 0.27416666666666667