4 0.159375 0.2975 0.15875 0.245
2 0.12125 0.75 0.15625 0.43166666666666664
1 0.435625 0.5975 0.43125 0.36666666666666664
1 0.823125 0.7566666666666667 0.35375 0.36333333333333334
1 0.5075 0.2966666666666667 0.2925 0.345
1 0.59375 0.38666666666666666 0.28125 0.36
1 0.883125 0.455 0.1525 0.31333333333333335
7 0.756875 0.635 0.3325 0.29833333333333334
7 0.325625 0.2783333333333333 0.24875 0.3433333333333333
5 0.211875 0.6808333333333333 0.235 0.625
10 0.47375 0.8116666666666666 0.46125 0.325
0 0.7 0.4691666666666667 0.22 0.2683333333333333
11 0.18875 0.9183333333333333 0.26 0.16333333333333333