10 0.436875 0.8008333333333333 0.41625 0.2608333333333333
10 0.83875 0.5883333333333334 0.15875 0.315
10 0.796875 0.7766666666666666 0.29875 0.31083333333333335
10 0.230625 0.6275 0.17125 0.425
1 0.144375 0.615 0.13125 0.44083333333333335
10 0.2725 0.30916666666666665 0.205 0.18833333333333332
10 0.33375 0.21416666666666667 0.110625 0.16083333333333333
6 0.535625 0.37583333333333335 0.351875 0.32666666666666666
10 0.568125 0.27166666666666667 0.24875 0.13083333333333333
10 0.66 0.15916666666666668 0.089375 0.07666666666666666
4 0.391875 0.5266666666666666 0.320625 0.355
0 0.714375 0.5175 0.19375 0.26416666666666666
11 0.175 0.8533333333333334 0.246875 0.145