7 0.51375 0.49583333333333335 0.31125 0.49
5 0.26 0.6266666666666667 0.20625 0.5966666666666667
4 0.224375 0.30833333333333335 0.21875 0.25333333333333335
4 0.714375 0.7958333333333333 0.41 0.37166666666666665
4 0.873125 0.6625 0.25375 0.315
11 0.19375 0.8925 0.26125 0.175
0 0.72625 0.495 0.215 0.29333333333333333
10 0.380625 0.42583333333333334 0.17125 0.4033333333333333
10 0.2875 0.1925 0.24125 0.145
10 0.6225 0.12833333333333333 0.12125 0.165
7 0.6725 0.11333333333333333 0.10875 0.14166666666666666
10 0.909375 0.4166666666666667 0.105 0.17
10 0.16625 0.44666666666666666 0.13625 0.22166666666666668
5 0.15125 0.6558333333333334 0.1475 0.53