7 0.476875 0.425 0.43125 0.585
7 0.880625 0.78 0.23125 0.44
5 0.120625 0.5725 0.24125 0.6416666666666667
7 0.055625 0.5558333333333333 0.11125 0.5183333333333333
0 0.686875 0.6375 0.275 0.38
11 0.074375 0.8033333333333333 0.14875 0.17666666666666667
10 0.370625 0.8008333333333333 0.53375 0.3983333333333333
10 0.75875 0.8591666666666666 0.34 0.2816666666666667
10 0.635625 0.32416666666666666 0.21125 0.225
1 0.643125 0.2075 0.205 0.19666666666666666
10 0.395625 0.245 0.38125 0.3016666666666667
10 0.309375 0.11166666666666666 0.25875 0.21333333333333335
10 0.14125 0.2025 0.22875 0.315