8 0.224375 0.6583333333333333 0.20875 0.43083333333333335
10 0.483125 0.6883333333333334 0.21 0.545
10 0.285 0.18083333333333335 0.179375 0.13666666666666666
7 0.45 0.3408333333333333 0.343125 0.3016666666666667
10 0.404375 0.27166666666666667 0.29 0.15583333333333332
10 0.6675 0.17 0.149375 0.11333333333333333
6 0.724375 0.7266666666666667 0.221875 0.49416666666666664
0 0.71 0.5191666666666667 0.194375 0.25416666666666665
11 0.17 0.8558333333333333 0.2475 0.14083333333333334
1 0.19125 0.41083333333333333 0.1625 0.3308333333333333
6 0.6025 0.2825 0.20625 0.3333333333333333
6 0.891875 0.6125 0.215625 0.345