10 0.689375 0.15583333333333332 0.24875 0.24333333333333335
10 0.269375 0.18 0.14125 0.16166666666666665
10 0.266875 0.3441666666666667 0.15875 0.19
10 0.2475 0.9141666666666667 0.4325 0.17166666666666666
11 0.859375 0.8525 0.28125 0.19833333333333333
0 0.238125 0.555 0.23625 0.3016666666666667
6 0.0875 0.525 0.1675 0.23
5 0.8975 0.5991666666666666 0.2025 0.565
5 0.80875 0.6183333333333333 0.1925 0.6016666666666667
7 0.65125 0.6408333333333334 0.26875 0.69
7 0.459375 0.8266666666666667 0.52625 0.3466666666666667
7 0.185625 0.7208333333333333 0.36625 0.4116666666666667
7 0.04625 0.6458333333333334 0.0925 0.3883333333333333
7 0.439375 0.2475 0.36125 0.3233333333333333