0 0.3025 0.5933333333333334 0.255 0.3383333333333333
1 0.17625 0.6825 0.25125 0.43333333333333335
1 0.709375 0.24 0.20125 0.3383333333333333
10 0.23875 0.8375 0.335 0.325
10 0.585625 0.8208333333333333 0.50375 0.35833333333333334
10 0.824375 0.5533333333333333 0.225 0.49333333333333335
10 0.89625 0.43 0.2075 0.49333333333333335
1 0.625 0.19833333333333333 0.20125 0.29333333333333333
10 0.325625 0.235 0.21875 0.21666666666666667
10 0.415625 0.3283333333333333 0.34625 0.31166666666666665
7 0.828125 0.2633333333333333 0.22875 0.3933333333333333
11 0.8925 0.77 0.215 0.22333333333333333