4 0.633125 0.056666666666666664 0.23375 0.11333333333333333
11 0.856875 0.755 0.28625 0.24666666666666667
10 0.5975 0.5683333333333334 0.37625 0.665
10 0.343125 0.7241666666666666 0.5375 0.37
10 0.36875 0.235 0.38375 0.30666666666666664
10 0.25125 0.0975 0.18125 0.13
1 0.5775 0.13416666666666666 0.3175 0.2683333333333333
10 0.009375 0.44583333333333336 0.01875 0.14166666666666666
8 0.800625 0.5116666666666667 0.3875 0.5683333333333334
10 0.875625 0.44583333333333336 0.24875 0.565
0 0.1925 0.5166666666666667 0.27625 0.365
1 0.0625 0.7116666666666667 0.125 0.4866666666666667
1 0.325625 0.8216666666666667 0.59375 0.3566666666666667