11 0.77625 0.9125 0.26 0.175
10 0.710625 0.705 0.22875 0.5233333333333333
10 0.809375 0.7183333333333334 0.19625 0.4266666666666667
7 0.44625 0.24 0.26375 0.355
10 0.3875 0.3125 0.16125 0.22333333333333333
10 0.161875 0.7741666666666667 0.32375 0.265
9 0.12125 0.535 0.2425 0.37333333333333335
4 0.1025 0.35083333333333333 0.12125 0.20333333333333334
7 0.51 0.0975 0.29 0.195
7 0.73125 0.27 0.25625 0.32
10 0.803125 0.41083333333333333 0.20375 0.33666666666666667
0 0.289375 0.4708333333333333 0.22875 0.31166666666666665