10 0.60625 0.8375 0.53 0.325
10 0.658125 0.12916666666666668 0.2275 0.20666666666666667
10 0.29375 0.30916666666666665 0.15 0.155
10 0.13125 0.7408333333333333 0.2025 0.4116666666666667
10 0.091875 0.7858333333333334 0.17625 0.42833333333333334
10 0.334375 0.43 0.22625 0.245
7 0.46125 0.4083333333333333 0.2 0.445
7 0.806875 0.19416666666666665 0.22 0.28833333333333333
7 0.859375 0.5116666666666667 0.28125 0.6766666666666666
7 0.9225 0.49416666666666664 0.155 0.545
5 0.791875 0.61 0.34625 0.62
11 0.88875 0.8116666666666666 0.2225 0.21666666666666667
0 0.266875 0.6333333333333333 0.2625 0.34833333333333333