5 0.23125 0.6708333333333333 0.2975 0.6583333333333333
7 0.735 0.6333333333333333 0.53 0.32666666666666666
10 0.224375 0.315 0.34625 0.32
1 0.215 0.24583333333333332 0.2375 0.22833333333333333
1 0.11 0.7083333333333334 0.22 0.5133333333333333
11 0.150625 0.9541666666666667 0.23875 0.09166666666666666
10 0.36625 0.7133333333333334 0.3175 0.5733333333333334
10 0.91375 0.6408333333333334 0.1725 0.5383333333333333
10 0.745 0.81 0.43625 0.28833333333333333
10 0.52875 0.6791666666666667 0.3425 0.6416666666666667
10 0.530625 0.35 0.3775 0.225
1 0.14125 0.7183333333333334 0.24375 0.555
0 0.7225 0.525 0.2325 0.30333333333333334