6 0.513125 0.45 0.416875 0.2875
7 0.551875 0.2991666666666667 0.286875 0.18916666666666668
10 0.62875 0.19666666666666666 0.163125 0.14333333333333334
1 0.34625 0.24 0.144375 0.21666666666666667
10 0.29 0.3275 0.19625 0.23333333333333334
0 0.713125 0.5175 0.19625 0.265
1 0.843125 0.5816666666666667 0.180625 0.33
10 0.8175 0.7733333333333333 0.268125 0.32166666666666666
10 0.499375 0.8416666666666667 0.4325 0.245
10 0.203125 0.6175 0.184375 0.4225
1 0.135625 0.5991666666666666 0.125 0.4483333333333333
11 0.17375 0.855 0.2425 0.145