1 0.26375 0.3333333333333333 0.1825 0.26416666666666666
1 0.294375 0.21666666666666667 0.185 0.18
7 0.62 0.1175 0.198125 0.15916666666666668
7 0.4025 0.39416666666666667 0.13875 0.3541666666666667
7 0.8175 0.39916666666666667 0.291875 0.3258333333333333
10 0.69 0.6733333333333333 0.395 0.2325
10 0.913125 0.6816666666666666 0.13875 0.4058333333333333
10 0.56125 0.8625 0.460625 0.19416666666666665
11 0.17375 0.855 0.24 0.14166666666666666
4 0.185 0.6308333333333334 0.205625 0.3641666666666667
10 0.1575 0.5933333333333334 0.173125 0.4275
0 0.7125 0.5216666666666666 0.199375 0.25333333333333335