10 0.468125 0.8433333333333334 0.394375 0.23
10 0.78625 0.7433333333333333 0.28375 0.41
10 0.50375 0.3258333333333333 0.32375 0.20833333333333334
10 0.64 0.24 0.11375 0.31
11 0.17125 0.855 0.244375 0.14833333333333334
0 0.711875 0.505 0.1875 0.225
7 0.496875 0.41 0.245 0.41
7 0.6975 0.6533333333333333 0.325 0.1925
7 0.313125 0.2175 0.255625 0.2791666666666667
5 0.25 0.6325 0.195 0.5458333333333333
7 0.140625 0.5316666666666666 0.14875 0.39666666666666667
4 0.165625 0.63 0.189375 0.37166666666666665
4 0.309375 0.3433333333333333 0.13875 0.315