7 0.425625 0.5858333333333333 0.2825 0.7083333333333334
7 0.464375 0.3466666666666667 0.26625 0.44666666666666666
6 0.606875 0.21583333333333332 0.20375 0.43166666666666664
6 0.59375 0.5925 0.39625 0.6516666666666666
6 0.69375 0.6916666666666667 0.37375 0.5816666666666667
1 0.895 0.5858333333333333 0.21 0.44166666666666665
6 0.868125 0.3541666666666667 0.20625 0.30666666666666664
5 0.280625 0.665 0.31125 0.67
10 0.13 0.7383333333333333 0.26 0.5233333333333333
7 0.15875 0.7741666666666667 0.245 0.45166666666666666
11 0.22375 0.9458333333333333 0.285 0.10833333333333334
1 0.23 0.2891666666666667 0.27625 0.27
0 0.719375 0.4716666666666667 0.265 0.34