5 0.7825 0.5966666666666667 0.1975 0.5933333333333334
6 0.47625 0.5291666666666667 0.415 0.24333333333333335
6 0.28625 0.7325 0.15 0.4866666666666667
6 0.11625 0.695 0.22 0.43666666666666665
6 0.1025 0.5816666666666667 0.205 0.32166666666666666
6 0.458125 0.3275 0.3475 0.265
6 0.388125 0.24666666666666667 0.2475 0.32666666666666666
7 0.720625 0.3566666666666667 0.1575 0.4166666666666667
1 0.70875 0.22 0.2325 0.14666666666666667
11 0.83125 0.8683333333333333 0.255 0.15666666666666668
1 0.824375 0.44416666666666665 0.19125 0.37166666666666665