0 0.705625 0.5158333333333334 0.201875 0.2625
11 0.171875 0.8575 0.25 0.14583333333333334
10 0.4475 0.44 0.355 0.26916666666666667
10 0.6325 0.18083333333333335 0.115 0.14166666666666666
10 0.806875 0.71 0.245625 0.41833333333333333
1 0.493125 0.78 0.408125 0.355
1 0.25625 0.46166666666666667 0.195 0.3258333333333333
1 0.405 0.2875 0.331875 0.15166666666666667
10 0.655 0.3433333333333333 0.11875 0.12583333333333332
10 0.275 0.2325 0.20375 0.18583333333333332
1 0.190625 0.6116666666666667 0.143125 0.45416666666666666
5 0.184375 0.6975 0.276875 0.255
4 0.46125 0.5633333333333334 0.191875 0.49916666666666665