0 0.24875 0.5725 0.2325 0.31833333333333336
7 0.4 0.4483333333333333 0.23375 0.6233333333333333
1 0.3925 0.31083333333333335 0.3425 0.3283333333333333
10 0.266875 0.18583333333333332 0.09875 0.10166666666666667
10 0.595 0.2025 0.1825 0.26166666666666666
10 0.67875 0.2658333333333333 0.255 0.25666666666666665
10 0.609375 0.515 0.355 0.4066666666666667
10 0.80375 0.5725 0.23375 0.48833333333333334
1 0.87 0.5216666666666666 0.1825 0.49
10 0.57125 0.7875 0.48875 0.405
10 0.19 0.8183333333333334 0.345 0.36333333333333334
10 0.12875 0.645 0.22875 0.41833333333333333
11 0.858125 0.8033333333333333 0.2725 0.20666666666666667