10 0.69625 0.8375 0.4425 0.325
11 0.870625 0.9283333333333333 0.21125 0.14333333333333334
10 0.324375 0.8308333333333333 0.46625 0.3383333333333333
10 0.756875 0.3375 0.17125 0.43
1 0.8075 0.26166666666666666 0.22625 0.3516666666666667
1 0.890625 0.33666666666666667 0.21875 0.39
0 0.318125 0.5008333333333334 0.25125 0.335
10 0.121875 0.39166666666666666 0.1025 0.17333333333333334
4 0.15125 0.6866666666666666 0.3025 0.46
5 0.748125 0.6841666666666667 0.43375 0.6133333333333333
5 0.9 0.6933333333333334 0.2 0.54
7 0.599375 0.23833333333333334 0.33375 0.3433333333333333
1 0.40875 0.14833333333333334 0.17 0.175