11 0.193125 0.9216666666666666 0.27625 0.15666666666666668
10 0.1125 0.7 0.19 0.465
10 0.39 0.7391666666666666 0.37125 0.49666666666666665
10 0.510625 0.43833333333333335 0.40625 0.29833333333333334
7 0.51875 0.6466666666666666 0.4 0.42833333333333334
7 0.694375 0.7091666666666666 0.45875 0.49833333333333335
7 0.87 0.7366666666666667 0.26 0.26666666666666666
7 0.89125 0.44333333333333336 0.1475 0.26166666666666666
0 0.726875 0.4875 0.2225 0.29833333333333334
7 0.696875 0.115 0.21 0.22333333333333333
7 0.336875 0.1525 0.2425 0.22833333333333333
7 0.201875 0.61 0.33375 0.5866666666666667
10 0.205625 0.7225 0.21125 0.44