0 0.265625 0.495 0.2375 0.29833333333333334
4 0.23375 0.7216666666666667 0.2925 0.5033333333333333
10 0.063125 0.6108333333333333 0.12625 0.5283333333333333
1 0.444375 0.31583333333333335 0.35875 0.295
10 0.3925 0.17083333333333334 0.18875 0.17666666666666667
10 0.79625 0.39666666666666667 0.18 0.2916666666666667
10 0.7975 0.7275 0.2825 0.49666666666666665
10 0.493125 0.8308333333333333 0.46625 0.3383333333333333
10 0.883125 0.6658333333333334 0.18375 0.44166666666666665
1 0.68625 0.28833333333333333 0.2025 0.29333333333333333
11 0.81 0.9375 0.2825 0.125
1 0.10375 0.6008333333333333 0.19375 0.5483333333333333