4 0.810625 0.39416666666666667 0.2525 0.31
5 0.900625 0.6625 0.19875 0.505
7 0.55375 0.7275 0.4375 0.5083333333333333
7 0.30625 0.845 0.4975 0.31
7 0.68 0.22083333333333333 0.19375 0.26166666666666666
6 0.501875 0.41 0.40875 0.32166666666666666
6 0.135 0.6308333333333334 0.27 0.39166666666666666
6 0.12375 0.44583333333333336 0.2475 0.315
11 0.81125 0.9133333333333333 0.24 0.17333333333333334
10 0.771875 0.7658333333333334 0.2875 0.2916666666666667
10 0.48 0.25083333333333335 0.2875 0.16833333333333333
10 0.399375 0.14166666666666666 0.12875 0.10333333333333333
0 0.295625 0.49833333333333335 0.21875 0.2916666666666667