11 0.775 0.9191666666666667 0.2725 0.16166666666666665
0 0.2825 0.4658333333333333 0.23 0.31
10 0.105 0.4266666666666667 0.175 0.31833333333333336
10 0.74625 0.2941666666666667 0.21625 0.2733333333333333
10 0.8275 0.3358333333333333 0.17125 0.27166666666666667
10 0.791875 0.5916666666666667 0.3075 0.37666666666666665
10 0.714375 0.8141666666666667 0.30875 0.32
4 0.47375 0.7391666666666666 0.4675 0.5216666666666666
10 0.845 0.6641666666666667 0.20625 0.44666666666666666
7 0.531875 0.31416666666666665 0.27875 0.38666666666666666
7 0.405625 0.15083333333333335 0.1525 0.20333333333333334
7 0.31875 0.0675 0.215 0.135
7 0.171875 0.7083333333333334 0.34375 0.36666666666666664