7 0.344375 0.6233333333333333 0.3775 0.5066666666666667
0 0.25625 0.5416666666666666 0.195 0.2833333333333333
6 0.114375 0.6841666666666667 0.2275 0.32666666666666666
7 0.454375 0.1275 0.285 0.21166666666666667
7 0.623125 0.33666666666666667 0.14125 0.33666666666666667
7 0.719375 0.23083333333333333 0.155 0.2916666666666667
10 0.1625 0.9033333333333333 0.325 0.19333333333333333
10 0.065625 0.5991666666666666 0.13125 0.3933333333333333
10 0.345 0.3541666666666667 0.1525 0.21666666666666667
10 0.79625 0.31166666666666665 0.17625 0.25666666666666665
10 0.7525 0.66 0.19 0.4866666666666667
10 0.31625 0.14333333333333334 0.095 0.13166666666666665
4 0.891875 0.5358333333333334 0.2 0.4066666666666667
11 0.845 0.9041666666666667 0.26 0.155