5 0.733125 0.655 0.26625 0.69
7 0.2475 0.6241666666666666 0.495 0.285
10 0.726875 0.2758333333333333 0.33125 0.29333333333333333
1 0.733125 0.2075 0.22625 0.21
1 0.87625 0.6558333333333334 0.24375 0.495
11 0.84625 0.93 0.2775 0.14
10 0.603125 0.7016666666666667 0.29125 0.5966666666666667
10 0.07 0.6441666666666667 0.14 0.5183333333333333
10 0.235625 0.7958333333333333 0.42125 0.255
10 0.44125 0.6741666666666667 0.315 0.6516666666666666
10 0.4275 0.33166666666666667 0.365 0.195
1 0.823125 0.6658333333333334 0.22 0.5333333333333333
0 0.24625 0.5158333333333334 0.21875 0.2833333333333333