7 0.71625 0.5225 0.5675 0.5183333333333333
7 0.516875 0.08166666666666667 0.26125 0.16333333333333333
7 0.226875 0.6891666666666667 0.31875 0.6216666666666667
11 0.206875 0.94 0.26375 0.12
10 0.188125 0.23916666666666667 0.24625 0.23
10 0.36125 0.265 0.40125 0.31833333333333336
10 0.241875 0.4083333333333333 0.32875 0.3466666666666667
10 0.836875 0.7016666666666667 0.32625 0.4033333333333333
10 0.5175 0.81 0.5225 0.38
10 0.8725 0.3933333333333333 0.18 0.37333333333333335
8 0.16875 0.745 0.3325 0.51
0 0.699375 0.43666666666666665 0.26 0.3466666666666667