7 0.5425 0.55 0.2775 0.7366666666666667
7 0.495625 0.30333333333333334 0.27 0.46166666666666667
6 0.3425 0.19833333333333333 0.2025 0.39666666666666667
6 0.366875 0.565 0.40125 0.67
6 0.265 0.675 0.37875 0.6
1 0.07875 0.5833333333333334 0.1575 0.43666666666666665
6 0.09 0.3333333333333333 0.18 0.30666666666666664
5 0.696875 0.6391666666666667 0.30875 0.7216666666666667
10 0.8575 0.7041666666666667 0.26375 0.5616666666666666
7 0.82625 0.75 0.245 0.49666666666666665
11 0.765 0.9325 0.295 0.135
1 0.738125 0.23083333333333333 0.285 0.27
0 0.2325 0.44583333333333336 0.27125 0.34833333333333333