10 0.305625 0.20166666666666666 0.2225 0.15916666666666668
10 0.401875 0.2725 0.31375 0.1575
10 0.609375 0.2783333333333333 0.234375 0.20666666666666667
10 0.64375 0.15666666666666668 0.136875 0.09333333333333334
6 0.856875 0.6383333333333333 0.28625 0.35833333333333334
10 0.885 0.5 0.12625 0.20333333333333334
10 0.1775 0.5883333333333334 0.158125 0.445
10 0.23625 0.6141666666666666 0.199375 0.42583333333333334
8 0.32375 0.6533333333333333 0.26875 0.5458333333333333
11 0.170625 0.8525 0.244375 0.14416666666666667
0 0.708125 0.5191666666666667 0.19125 0.25916666666666666
10 0.78875 0.8 0.350625 0.2775
4 0.5325 0.8083333333333333 0.38375 0.29
4 0.461875 0.6775 0.36125 0.30333333333333334