1 0.4 0.6675 0.238125 0.5458333333333333
1 0.5325 0.48333333333333334 0.2525 0.3616666666666667
1 0.435625 0.3458333333333333 0.305 0.24
1 0.299375 0.2658333333333333 0.219375 0.17583333333333334
1 0.31 0.19083333333333333 0.16125 0.115
1 0.216875 0.4325 0.14625 0.30416666666666664
1 0.865625 0.6841666666666667 0.181875 0.485
1 0.851875 0.5141666666666667 0.110625 0.18416666666666667
1 0.655625 0.2658333333333333 0.18625 0.25583333333333336
1 0.661875 0.16166666666666665 0.10375 0.0925
0 0.7125 0.5175 0.19875 0.26166666666666666
4 0.745 0.7708333333333334 0.276875 0.37583333333333335
10 0.1475 0.6208333333333333 0.135 0.4025
11 0.17375 0.855 0.241875 0.14083333333333334