0 0.71 0.5166666666666667 0.193125 0.2608333333333333
11 0.173125 0.8525 0.244375 0.14666666666666667
10 0.50875 0.8741666666666666 0.46625 0.19833333333333333
10 0.359375 0.7433333333333333 0.3875 0.22416666666666665
10 0.3225 0.18 0.221875 0.11166666666666666
10 0.276875 0.2991666666666667 0.204375 0.17666666666666667
7 0.50125 0.41833333333333333 0.345625 0.38083333333333336
10 0.529375 0.2425 0.291875 0.10083333333333333
10 0.601875 0.3458333333333333 0.274375 0.15083333333333335
5 0.1975 0.6033333333333334 0.255625 0.48333333333333334
6 0.81125 0.6841666666666667 0.355625 0.4125
6 0.87875 0.6 0.2425 0.3491666666666667
10 0.131875 0.595 0.168125 0.4191666666666667
10 0.640625 0.1975 0.11625 0.1425