11 0.17125 0.8541666666666666 0.241875 0.14583333333333334
10 0.810625 0.8225 0.343125 0.2475
10 0.44125 0.3258333333333333 0.3075 0.24666666666666667
8 0.403125 0.8558333333333333 0.4025 0.22333333333333333
7 0.113125 0.56 0.143125 0.4675
7 0.26125 0.6416666666666667 0.325625 0.3516666666666667
7 0.31875 0.36916666666666664 0.311875 0.29333333333333333
7 0.231875 0.22833333333333333 0.26875 0.32916666666666666
1 0.63875 0.24166666666666667 0.15 0.12583333333333332
1 0.64125 0.3441666666666667 0.14125 0.15166666666666667
1 0.885 0.5641666666666667 0.17375 0.3491666666666667
0 0.70875 0.5075 0.19375 0.23333333333333334
7 0.75875 0.6241666666666666 0.330625 0.23416666666666666
10 0.315625 0.1725 0.155625 0.11916666666666667