5 0.256875 0.6266666666666667 0.2775 0.43333333333333335
7 0.456875 0.2816666666666667 0.331875 0.2783333333333333
11 0.169375 0.8541666666666666 0.240625 0.15
1 0.29875 0.7041666666666667 0.213125 0.48333333333333334
10 0.61625 0.6666666666666666 0.384375 0.37666666666666665
4 0.264375 0.255 0.218125 0.26
10 0.285 0.18333333333333332 0.195 0.10416666666666667
0 0.70125 0.5125 0.19375 0.25166666666666665
1 0.800625 0.6916666666666667 0.20875 0.5016666666666667
1 0.58 0.8308333333333333 0.375 0.255
1 0.894375 0.6658333333333334 0.1475 0.4666666666666667
1 0.554375 0.35833333333333334 0.34 0.185
1 0.663125 0.23 0.131875 0.1625
1 0.18 0.5925 0.2325 0.4633333333333333