8 0.795625 0.67 0.15875 0.5966666666666667
10 0.91875 0.6166666666666667 0.14 0.475
10 0.535 0.8291666666666667 0.415 0.3416666666666667
10 0.22875 0.87 0.43 0.26
11 0.869375 0.9041666666666667 0.26125 0.15833333333333333
0 0.279375 0.5316666666666666 0.215 0.2866666666666667
1 0.705625 0.2891666666666667 0.3475 0.21333333333333335
1 0.7525 0.20583333333333334 0.23375 0.19333333333333333
1 0.099375 0.6525 0.19875 0.38666666666666666
7 0.3875 0.31333333333333335 0.225 0.265
7 0.08375 0.4741666666666667 0.10875 0.25
10 0.345625 0.1475 0.145 0.09666666666666666