10 0.321875 0.20833333333333334 0.15375 0.155
10 0.68625 0.1925 0.17 0.15
10 0.54625 0.8916666666666667 0.53 0.21666666666666667
11 0.88125 0.8991666666666667 0.2375 0.14166666666666666
0 0.265 0.6083333333333333 0.2375 0.33166666666666667
6 0.14875 0.8008333333333333 0.2825 0.3983333333333333
6 0.108125 0.6766666666666666 0.21375 0.29333333333333333
7 0.535 0.7191666666666666 0.38375 0.53
7 0.42375 0.3416666666666667 0.235 0.425
7 0.615 0.445 0.365 0.355
7 0.775625 0.2633333333333333 0.3225 0.31166666666666665
5 0.87625 0.6225 0.2475 0.575
10 0.944375 0.6325 0.11125 0.455