7 0.555625 0.4683333333333333 0.5225 0.38333333333333336
7 0.5975 0.22833333333333333 0.22375 0.2683333333333333
7 0.87375 0.5825 0.23 0.4716666666666667
7 0.969375 0.6458333333333334 0.06125 0.4816666666666667
5 0.418125 0.7641666666666667 0.515 0.30833333333333335
5 0.21625 0.5391666666666667 0.25125 0.5683333333333334
5 0.10375 0.49916666666666665 0.18375 0.5366666666666666
4 0.301875 0.17416666666666666 0.285 0.3283333333333333
4 0.335625 0.08083333333333333 0.20375 0.16166666666666665
4 0.739375 0.115 0.1975 0.19166666666666668
6 0.72375 0.325 0.12 0.28
0 0.7625 0.5191666666666667 0.23 0.30666666666666664
11 0.155 0.7975 0.2875 0.19833333333333333