8 0.24375 0.6408333333333334 0.14375 0.5391666666666667
10 0.1325 0.5925 0.12625 0.43
10 0.480625 0.7933333333333333 0.375 0.32416666666666666
10 0.756875 0.8308333333333333 0.38875 0.2525
11 0.1725 0.8541666666666666 0.246875 0.14333333333333334
0 0.71125 0.5158333333333334 0.195 0.26
1 0.325 0.29583333333333334 0.314375 0.19416666666666665
1 0.2825 0.22083333333333333 0.211875 0.17583333333333334
1 0.879375 0.625 0.190625 0.3491666666666667
7 0.613125 0.3175 0.203125 0.24
7 0.888125 0.4633333333333333 0.09875 0.22666666666666666
10 0.65125 0.1675 0.130625 0.0875