11 0.1625 0.8491666666666666 0.234375 0.14833333333333334
10 0.144375 0.5675 0.1825 0.47583333333333333
5 0.2225 0.6241666666666666 0.1675 0.5416666666666666
6 0.506875 0.57 0.430625 0.2816666666666667
6 0.678125 0.7258333333333333 0.1925 0.4816666666666667
6 0.861875 0.6858333333333333 0.235625 0.3925
6 0.859375 0.45166666666666666 0.158125 0.195
6 0.5825 0.25833333333333336 0.26375 0.3225
6 0.505625 0.385 0.363125 0.17916666666666667
7 0.42875 0.7716666666666666 0.46 0.3375
10 0.17875 0.675 0.15375 0.33916666666666667