7 0.095 0.7025 0.19 0.455
7 0.235 0.6383333333333333 0.3125 0.5283333333333333
11 0.2025 0.9225 0.275 0.155
10 0.41 0.8383333333333334 0.4375 0.3233333333333333
10 0.72625 0.8116666666666666 0.3825 0.31333333333333335
10 0.895625 0.6191666666666666 0.20875 0.41833333333333333
1 0.855625 0.38666666666666666 0.17375 0.31
1 0.544375 0.3625 0.31625 0.3883333333333333
10 0.593125 0.14916666666666667 0.1725 0.15833333333333333
10 0.424375 0.29583333333333334 0.31125 0.22166666666666668
10 0.259375 0.24416666666666667 0.2725 0.21166666666666667
0 0.699375 0.4725 0.23125 0.295
1 0.685 0.6625 0.4325 0.3616666666666667