5 0.873125 0.6075 0.25375 0.605
11 0.9 0.8325 0.2 0.18833333333333332
10 0.614375 0.7416666666666667 0.43625 0.5166666666666667
10 0.431875 0.4558333333333333 0.41875 0.37166666666666665
1 0.53375 0.31833333333333336 0.46375 0.3566666666666667
10 0.676875 0.175 0.16875 0.17166666666666666
1 0.3275 0.2375 0.20125 0.20833333333333334
10 0.92625 0.565 0.1475 0.5266666666666666
0 0.295 0.6283333333333333 0.26125 0.35333333333333333
1 0.12125 0.6991666666666667 0.2425 0.495
1 0.305625 0.89 0.49125 0.22
1 0.769375 0.6175 0.2925 0.585
4 0.790625 0.225 0.2175 0.3883333333333333