10 0.610625 0.865 0.40375 0.20083333333333334
10 0.508125 0.7158333333333333 0.3575 0.2325
10 0.354375 0.485 0.17875 0.39166666666666666
10 0.351875 0.22833333333333333 0.174375 0.16916666666666666
10 0.628125 0.16666666666666666 0.14 0.10416666666666667
10 0.25 0.46166666666666667 0.17375 0.37333333333333335
10 0.18 0.43583333333333335 0.16875 0.4141666666666667
10 0.261875 0.7875 0.339375 0.31916666666666665
11 0.175 0.855 0.249375 0.14583333333333334
7 0.8 0.6541666666666667 0.35125 0.5041666666666667
0 0.71125 0.51 0.19375 0.23083333333333333
6 0.88375 0.6125 0.2325 0.3616666666666667
4 0.638125 0.30583333333333335 0.15 0.23583333333333334