0 0.708125 0.465 0.25125 0.3283333333333333
11 0.228125 0.9333333333333333 0.28125 0.13333333333333333
7 0.74375 0.7341666666666666 0.5125 0.525
7 0.346875 0.8425 0.39625 0.315
7 0.374375 0.5458333333333333 0.30125 0.5216666666666666
7 0.259375 0.37916666666666665 0.34125 0.325
7 0.37125 0.24083333333333334 0.35 0.31666666666666665
6 0.641875 0.20166666666666666 0.18375 0.3983333333333333
6 0.858125 0.5308333333333334 0.28375 0.365
7 0.154375 0.7141666666666666 0.28125 0.5716666666666667
10 0.218125 0.2733333333333333 0.19625 0.17166666666666666
10 0.5725 0.14416666666666667 0.175 0.18
10 0.131875 0.7691666666666667 0.21 0.36