0 0.705 0.515 0.19375 0.25583333333333336
1 0.865 0.6766666666666666 0.20625 0.42916666666666664
1 0.63125 0.18666666666666668 0.17875 0.16583333333333333
1 0.456875 0.33416666666666667 0.39375 0.25333333333333335
1 0.3175 0.37833333333333335 0.2575 0.25416666666666665
11 0.16875 0.8525 0.24625 0.145
10 0.21375 0.605 0.231875 0.41083333333333333
5 0.340625 0.6891666666666667 0.324375 0.43
10 0.38 0.5558333333333333 0.335625 0.31
1 0.1425 0.5841666666666666 0.20625 0.44083333333333335
10 0.32625 0.19083333333333333 0.255 0.14083333333333334
1 0.5475 0.7033333333333334 0.22125 0.5058333333333334
1 0.655 0.24 0.12875 0.125
1 0.858125 0.4475 0.10125 0.12333333333333334