6 0.70375 0.7216666666666667 0.2775 0.49416666666666664
0 0.718125 0.5191666666666667 0.196875 0.26
11 0.173125 0.8558333333333333 0.239375 0.14083333333333334
4 0.240625 0.18 0.103125 0.1375
10 0.674375 0.175 0.15125 0.14333333333333334
7 0.358125 0.215 0.1575 0.29333333333333333
7 0.29875 0.3333333333333333 0.26125 0.21833333333333332
7 0.901875 0.67 0.19625 0.415
6 0.55125 0.6233333333333333 0.35125 0.37
6 0.89875 0.5808333333333333 0.2025 0.31833333333333336
5 0.3175 0.6375 0.27875 0.5183333333333333
5 0.20625 0.6375 0.231875 0.44916666666666666
5 0.116875 0.5841666666666666 0.16625 0.49916666666666665