1 0.43875 0.265 0.26875 0.22166666666666668
11 0.8375 0.9016666666666666 0.2625 0.175
10 0.498125 0.8833333333333333 0.47125 0.23333333333333334
1 0.09 0.4683333333333333 0.12625 0.2783333333333333
10 0.448125 0.44666666666666666 0.3275 0.4216666666666667
10 0.36875 0.125 0.13 0.12833333333333333
1 0.7025 0.30916666666666665 0.355 0.2633333333333333
10 0.7475 0.4058333333333333 0.29875 0.35
10 0.63625 0.5533333333333333 0.205 0.5383333333333333
10 0.9125 0.6275 0.125 0.4483333333333333
0 0.285625 0.4925 0.22375 0.3016666666666667
5 0.781875 0.645 0.235 0.605
4 0.74625 0.1425 0.205 0.25833333333333336
10 0.16625 0.43666666666666665 0.095 0.17