7 0.69 0.5925 0.49 0.505
0 0.726875 0.555 0.20625 0.27166666666666667
11 0.110625 0.9158333333333334 0.22125 0.14166666666666666
5 0.1375 0.6358333333333334 0.27 0.6466666666666666
10 0.078125 0.5408333333333334 0.15625 0.42833333333333334
10 0.651875 0.15416666666666667 0.14875 0.15166666666666667
7 0.836875 0.7266666666666667 0.30875 0.5466666666666666
10 0.915 0.6625 0.17 0.42833333333333334
7 0.2875 0.25416666666666665 0.3775 0.32166666666666666
7 0.1825 0.1975 0.255 0.225
7 0.530625 0.9016666666666666 0.55875 0.19666666666666666
5 0.309375 0.7691666666666667 0.45375 0.46166666666666667
7 0.680625 0.30333333333333334 0.10625 0.13166666666666665