7 0.4225 0.195 0.2475 0.2816666666666667
5 0.69875 0.6641666666666667 0.24375 0.5666666666666667
5 0.82125 0.6533333333333333 0.20125 0.5583333333333333
7 0.073125 0.34 0.11625 0.19833333333333333
4 0.435625 0.5991666666666666 0.3775 0.295
1 0.328125 0.7975 0.44625 0.3383333333333333
0 0.28375 0.4691666666666667 0.21875 0.27666666666666667
1 0.115 0.45 0.16 0.24
11 0.804375 0.895 0.2575 0.17833333333333334
10 0.655 0.3416666666666667 0.3675 0.3383333333333333
10 0.731875 0.21666666666666667 0.2125 0.2
10 0.144375 0.665 0.28875 0.35
8 0.85875 0.6566666666666666 0.22375 0.5016666666666667