0 0.24125 0.4608333333333333 0.265 0.35833333333333334
1 0.456875 0.27166666666666667 0.39875 0.36666666666666664
10 0.370625 0.0975 0.1025 0.11333333333333333
1 0.69125 0.2925 0.19375 0.29333333333333333
1 0.755625 0.38333333333333336 0.26 0.3016666666666667
4 0.625 0.715 0.3775 0.5333333333333333
10 0.60375 0.6191666666666666 0.41 0.49666666666666665
10 0.786875 0.7591666666666667 0.25375 0.4816666666666667
1 0.855 0.7441666666666666 0.2175 0.5116666666666667
11 0.754375 0.9458333333333333 0.29125 0.10833333333333334
1 0.443125 0.8333333333333334 0.49125 0.3333333333333333
1 0.11625 0.4716666666666667 0.2325 0.44
10 0.140625 0.7008333333333333 0.28125 0.44166666666666665