11 0.15625 0.8491666666666666 0.25875 0.16
0 0.7175 0.5308333333333334 0.1925 0.28
1 0.890625 0.68 0.17625 0.5183333333333333
10 0.315 0.1675 0.2275 0.13666666666666666
10 0.19875 0.29333333333333333 0.09875 0.20833333333333334
10 0.651875 0.15 0.12125 0.13166666666666665
10 0.65 0.24916666666666668 0.12125 0.10166666666666667
10 0.56625 0.43166666666666664 0.27 0.3566666666666667
10 0.651875 0.6608333333333334 0.2375 0.5266666666666666
8 0.37 0.7633333333333333 0.3875 0.29333333333333333
7 0.291875 0.48083333333333333 0.23125 0.5633333333333334
5 0.17 0.5875 0.2175 0.5183333333333333