11 0.173125 0.8533333333333334 0.245 0.14416666666666667
10 0.520625 0.8616666666666667 0.4425 0.20166666666666666
10 0.241875 0.58 0.216875 0.45416666666666666
1 0.14 0.595 0.124375 0.4691666666666667
10 0.51 0.2625 0.28875 0.19416666666666665
10 0.63875 0.1675 0.113125 0.13
10 0.333125 0.2608333333333333 0.203125 0.205
10 0.2925 0.17 0.1875 0.08833333333333333
1 0.245 0.32083333333333336 0.158125 0.25416666666666665
0 0.71125 0.5175 0.195625 0.2658333333333333
6 0.845 0.4483333333333333 0.190625 0.195
1 0.689375 0.3258333333333333 0.10375 0.13
4 0.393125 0.47833333333333333 0.183125 0.3375
10 0.406875 0.6141666666666666 0.33125 0.31583333333333335