4 0.689375 0.6975 0.229375 0.47833333333333333
1 0.838125 0.62 0.156875 0.52
10 0.91875 0.6583333333333333 0.12625 0.46166666666666667
0 0.713125 0.5225 0.19875 0.2625
1 0.58 0.32416666666666666 0.330625 0.22416666666666665
10 0.62625 0.19583333333333333 0.18125 0.13916666666666666
1 0.350625 0.255 0.164375 0.24083333333333334
10 0.241875 0.33166666666666667 0.140625 0.24166666666666667
10 0.210625 0.6266666666666667 0.21375 0.4058333333333333
10 0.139375 0.56 0.130625 0.385
10 0.4775 0.8083333333333333 0.410625 0.3125
11 0.175 0.8533333333333334 0.24375 0.1425