6 0.43125 0.6416666666666667 0.35875 0.4066666666666667
4 0.433125 0.8766666666666667 0.41875 0.24666666666666667
10 0.49875 0.42916666666666664 0.40125 0.25666666666666665
10 0.74375 0.3475 0.14125 0.3516666666666667
10 0.6725 0.15916666666666668 0.24125 0.14833333333333334
10 0.698125 0.7266666666666667 0.35 0.28833333333333333
10 0.865625 0.5908333333333333 0.18125 0.46
1 0.084375 0.6933333333333334 0.16875 0.4533333333333333
0 0.26 0.5425 0.21375 0.29333333333333333
7 0.496875 0.2675 0.36125 0.22333333333333333
7 0.31125 0.15083333333333335 0.165 0.18833333333333332
11 0.84375 0.8541666666666666 0.26125 0.16666666666666666