4 0.263125 0.78 0.4575 0.43
1 0.879375 0.795 0.22125 0.41
1 0.665 0.8525 0.4425 0.295
1 0.49375 0.7733333333333333 0.525 0.41333333333333333
1 0.50125 0.5291666666666667 0.4175 0.43333333333333335
1 0.524375 0.4583333333333333 0.485 0.46
1 0.715625 0.215 0.17125 0.17666666666666667
1 0.23625 0.21416666666666667 0.26375 0.355
10 0.541875 0.26666666666666666 0.38875 0.27166666666666667
10 0.93125 0.6066666666666667 0.135 0.20333333333333334
8 0.1175 0.5641666666666667 0.235 0.5483333333333333
0 0.725625 0.6058333333333333 0.25375 0.3283333333333333
1 0.85875 0.6025 0.115 0.18
11 0.109375 0.8083333333333333 0.21875 0.23