4 0.771875 0.22416666666666665 0.2325 0.24833333333333332
11 0.8325 0.9691666666666666 0.265 0.06166666666666667
10 0.625625 0.7266666666666667 0.33875 0.5466666666666666
10 0.35125 0.8258333333333333 0.5225 0.32
10 0.475 0.37166666666666665 0.37125 0.27166666666666667
10 0.393125 0.17833333333333334 0.18 0.15666666666666668
1 0.69375 0.35 0.305 0.24666666666666667
10 0.04875 0.4325 0.0975 0.14833333333333334
8 0.823125 0.7608333333333334 0.34875 0.47833333333333333
10 0.901875 0.7416666666666667 0.19625 0.5166666666666667
0 0.250625 0.575 0.25875 0.3416666666666667
1 0.06875 0.7041666666666667 0.1375 0.485
1 0.303125 0.8783333333333333 0.58125 0.24333333333333335