7 0.249375 0.8675 0.32875 0.265
7 0.83375 0.35333333333333333 0.2125 0.345
6 0.37625 0.3308333333333333 0.26 0.31833333333333336
4 0.645625 0.745 0.26375 0.41833333333333333
10 0.489375 0.9233333333333333 0.36625 0.15333333333333332
10 0.215 0.7941666666666667 0.2925 0.20333333333333334
10 0.785625 0.205 0.15 0.255
10 0.943125 0.6241666666666666 0.11375 0.28833333333333333
11 0.880625 0.8333333333333334 0.23875 0.21666666666666667
0 0.2925 0.5966666666666667 0.245 0.32
5 0.879375 0.6641666666666667 0.23625 0.39166666666666666