10 0.59625 0.6616666666666666 0.3125 0.5433333333333333
10 0.35125 0.3575 0.29875 0.17166666666666666
10 0.301875 0.18 0.21625 0.13
10 0.64625 0.19166666666666668 0.119375 0.105
10 0.19 0.3333333333333333 0.131875 0.25
7 0.525 0.2683333333333333 0.211875 0.32
6 0.831875 0.7075 0.331875 0.37583333333333335
10 0.823125 0.6691666666666667 0.195 0.4775
0 0.7125 0.5075 0.1875 0.2625
11 0.168125 0.8525 0.260625 0.15666666666666668
8 0.36375 0.7658333333333334 0.43125 0.2225
5 0.1775 0.6025 0.23625 0.48083333333333333
4 0.104375 0.5983333333333334 0.136875 0.3975