11 0.2025 0.9175 0.27 0.165
6 0.835 0.6625 0.23375 0.5133333333333333
6 0.8875 0.5925 0.225 0.425
0 0.718125 0.47833333333333333 0.2375 0.31833333333333336
10 0.55 0.4125 0.34875 0.40166666666666667
10 0.4675 0.26416666666666666 0.315 0.24333333333333335
10 0.27125 0.21583333333333332 0.21375 0.16666666666666666
10 0.321875 0.35083333333333333 0.3 0.295
10 0.15 0.37333333333333335 0.13875 0.31833333333333336
8 0.221875 0.7158333333333333 0.255 0.5
10 0.463125 0.8341666666666666 0.47125 0.33166666666666667
4 0.11375 0.6633333333333333 0.1825 0.49