7 0.46 0.2125 0.32 0.22416666666666665
7 0.855 0.6625 0.1725 0.51
6 0.65 0.6416666666666667 0.365625 0.26666666666666666
7 0.095 0.5758333333333333 0.15625 0.4766666666666667
11 0.168125 0.85 0.24625 0.15166666666666667
10 0.50375 0.8316666666666667 0.415625 0.25833333333333336
7 0.914375 0.4166666666666667 0.14625 0.20833333333333334
10 0.3625 0.395 0.37 0.22166666666666668
10 0.635625 0.17333333333333334 0.119375 0.115
10 0.203125 0.30333333333333334 0.136875 0.2941666666666667
10 0.304375 0.24083333333333334 0.221875 0.24416666666666667
0 0.706875 0.515 0.198125 0.24583333333333332
1 0.23375 0.6716666666666666 0.18875 0.4425