7 0.595 0.22666666666666666 0.223125 0.245
5 0.290625 0.6441666666666667 0.1975 0.5266666666666666
5 0.173125 0.6166666666666667 0.155625 0.5258333333333334
7 0.92125 0.4141666666666667 0.099375 0.18083333333333335
4 0.550625 0.6166666666666667 0.35125 0.24
1 0.64 0.8233333333333334 0.415 0.2733333333333333
0 0.708125 0.5116666666666667 0.195 0.24416666666666667
1 0.873125 0.5158333333333334 0.14 0.21583333333333332
11 0.170625 0.8533333333333334 0.24125 0.14083333333333334
10 0.358125 0.3375 0.3375 0.2841666666666667
10 0.29375 0.20583333333333334 0.195625 0.16833333333333333
10 0.83625 0.7216666666666667 0.276875 0.305
8 0.13625 0.615 0.181875 0.4658333333333333