11 0.1725 0.8541666666666666 0.244375 0.145
10 0.265625 0.6533333333333333 0.166875 0.49166666666666664
10 0.166875 0.6433333333333333 0.14625 0.3983333333333333
7 0.586875 0.25666666666666665 0.2275 0.30666666666666664
10 0.635 0.3416666666666667 0.138125 0.195
10 0.815 0.8533333333333334 0.340625 0.18833333333333332
9 0.87 0.6225 0.206875 0.33
4 0.910625 0.445 0.099375 0.18333333333333332
7 0.541875 0.1 0.276875 0.13583333333333333
7 0.3025 0.22 0.22375 0.27166666666666667
10 0.213125 0.3416666666666667 0.1675 0.3016666666666667
0 0.71125 0.52 0.196875 0.2708333333333333