11 0.871875 0.7675 0.25625 0.20833333333333334
10 0.52125 0.8558333333333333 0.4825 0.28833333333333333
10 0.80125 0.5566666666666666 0.25125 0.49166666666666664
8 0.885625 0.5283333333333333 0.21625 0.4633333333333333
7 0.37375 0.69 0.41875 0.4816666666666667
7 0.114375 0.7233333333333334 0.22875 0.44
7 0.62 0.3333333333333333 0.3325 0.31166666666666665
7 0.6375 0.13166666666666665 0.1575 0.2633333333333333
7 0.26375 0.1975 0.23375 0.26166666666666666
7 0.780625 0.19666666666666666 0.13375 0.3283333333333333
4 0.71625 0.14166666666666666 0.09375 0.16166666666666665
6 0.404375 0.3075 0.3225 0.4116666666666667
0 0.2925 0.5716666666666667 0.22375 0.32