1 0.795 0.4666666666666667 0.23625 0.43833333333333335
1 0.573125 0.31 0.34375 0.295
1 0.071875 0.65 0.14125 0.4533333333333333
0 0.273125 0.4925 0.22 0.285
4 0.83125 0.8133333333333334 0.19625 0.32166666666666666
4 0.344375 0.8425 0.35625 0.31
11 0.818125 0.9008333333333334 0.2175 0.16166666666666665
10 0.516875 0.5308333333333334 0.2875 0.33166666666666667
10 0.14125 0.605 0.14875 0.445
10 0.41125 0.37 0.28 0.2783333333333333
7 0.49125 0.7691666666666667 0.52875 0.4166666666666667
7 0.719375 0.165 0.2175 0.21833333333333332
5 0.721875 0.6508333333333334 0.20625 0.585