11 0.180625 0.9641666666666666 0.27125 0.07166666666666667
10 0.273125 0.7075 0.37375 0.585
10 0.563125 0.8475 0.48875 0.305
10 0.944375 0.5141666666666667 0.11125 0.3516666666666667
10 0.225625 0.22833333333333333 0.24375 0.20666666666666667
10 0.13125 0.385 0.1275 0.26666666666666666
7 0.2225 0.33416666666666667 0.185 0.36333333333333334
7 0.849375 0.6308333333333334 0.30125 0.36833333333333335
4 0.165625 0.5508333333333333 0.2825 0.40166666666666667
0 0.76125 0.5233333333333333 0.2575 0.33
7 0.63875 0.16416666666666666 0.14375 0.22166666666666668
4 0.885625 0.8083333333333333 0.22875 0.28