0 0.7825 0.6091666666666666 0.255 0.34833333333333333
7 0.60875 0.38333333333333336 0.39 0.375
7 0.526875 0.255 0.385 0.44166666666666665
5 0.349375 0.795 0.48 0.39666666666666667
11 0.135 0.8516666666666667 0.27 0.20333333333333334
6 0.891875 0.7691666666666667 0.21125 0.46166666666666667
1 0.940625 0.7825 0.11375 0.435
10 0.373125 0.18666666666666668 0.21375 0.26
10 0.276875 0.5716666666666667 0.33 0.4766666666666667
10 0.118125 0.5666666666666667 0.22375 0.52
10 0.760625 0.19166666666666668 0.18875 0.16333333333333333