5 0.6475 0.7725 0.40125 0.4483333333333333
5 0.7825 0.7716666666666666 0.27 0.45
7 0.834375 0.7416666666666667 0.2475 0.43833333333333335
6 0.478125 0.36833333333333335 0.4175 0.3383333333333333
7 0.54625 0.22 0.33 0.305
7 0.808125 0.44166666666666665 0.19875 0.4216666666666667
4 0.3075 0.7841666666666667 0.4375 0.42833333333333334
4 0.079375 0.6358333333333334 0.15875 0.345
10 0.133125 0.46416666666666667 0.26375 0.465
10 0.37125 0.11166666666666666 0.1075 0.12833333333333333
4 0.74 0.3625 0.15375 0.25666666666666665
0 0.26375 0.4658333333333333 0.245 0.3283333333333333
11 0.746875 0.935 0.26875 0.13