1 0.430625 0.3516666666666667 0.2475 0.31166666666666665
0 0.78 0.5716666666666667 0.22875 0.31166666666666665
11 0.16125 0.9125 0.285 0.15666666666666668
10 0.310625 0.8491666666666666 0.30625 0.29833333333333334
8 0.171875 0.7366666666666667 0.175 0.39666666666666667
10 0.105625 0.6866666666666666 0.1325 0.38666666666666666
10 0.209375 0.4041666666666667 0.1775 0.275
10 0.235 0.2575 0.15625 0.26166666666666666
10 0.608125 0.39416666666666667 0.22 0.29333333333333333
10 0.70875 0.20666666666666667 0.13125 0.11
10 0.928125 0.7791666666666667 0.13625 0.27666666666666667