7 0.47125 0.5608333333333333 0.43125 0.44166666666666665
7 0.623125 0.0825 0.22875 0.165
7 0.13375 0.6925 0.2675 0.5716666666666667
5 0.23625 0.6816666666666666 0.295 0.5916666666666667
7 0.495625 0.85 0.52875 0.3
7 0.816875 0.7466666666666667 0.36625 0.30333333333333334
6 0.624375 0.6241666666666666 0.4075 0.39
7 0.855 0.40166666666666667 0.1 0.15
6 0.569375 0.25916666666666666 0.285 0.38166666666666665
4 0.26 0.2575 0.24875 0.32166666666666666
10 0.934375 0.5591666666666667 0.13125 0.45166666666666666
0 0.733125 0.4841666666666667 0.2375 0.33166666666666667
11 0.223125 0.9258333333333333 0.26625 0.14833333333333334