7 0.416875 0.325 0.3425 0.5133333333333333
1 0.375625 0.345 0.40375 0.43166666666666664
1 0.598125 0.8966666666666666 0.54375 0.20666666666666667
0 0.6875 0.5766666666666667 0.25375 0.31833333333333336
11 0.084375 0.8833333333333333 0.16875 0.14333333333333334
10 0.63125 0.815 0.485 0.37
10 0.75625 0.7583333333333333 0.42125 0.32666666666666666
10 0.868125 0.5875 0.1325 0.23333333333333334
10 0.6425 0.1575 0.09875 0.13
7 0.135625 0.3616666666666667 0.25125 0.385
7 0.67 0.3016666666666667 0.26375 0.27666666666666667
5 0.036875 0.5983333333333334 0.07375 0.5533333333333333
7 0.228125 0.13333333333333333 0.27625 0.26666666666666666