5 0.82 0.6925 0.2125 0.5583333333333333
11 0.8375 0.9216666666666666 0.2775 0.15666666666666668
10 0.548125 0.7491666666666666 0.39125 0.5016666666666667
10 0.440625 0.3983333333333333 0.38375 0.30666666666666664
1 0.561875 0.30833333333333335 0.42875 0.285
10 0.720625 0.2275 0.1525 0.145
1 0.38875 0.1625 0.18125 0.17666666666666667
10 0.890625 0.6783333333333333 0.14125 0.49333333333333335
0 0.2825 0.5091666666666667 0.23 0.31166666666666665
1 0.105 0.5116666666666667 0.2075 0.4533333333333333
1 0.229375 0.8308333333333333 0.45875 0.31833333333333336
1 0.7175 0.6641666666666667 0.24125 0.535
4 0.815 0.3125 0.1825 0.3516666666666667