7 0.41 0.36 0.42125 0.37333333333333335
7 0.693125 0.6475 0.5125 0.6733333333333333
7 0.843125 0.6375 0.31375 0.49166666666666664
5 0.925625 0.5458333333333333 0.14875 0.5583333333333333
11 0.893125 0.8316666666666667 0.21375 0.19666666666666666
10 0.633125 0.8633333333333333 0.48125 0.2733333333333333
10 0.2775 0.9108333333333334 0.43 0.17833333333333334
1 0.1075 0.785 0.2025 0.43
10 0.2725 0.22 0.23125 0.21
10 0.475625 0.2916666666666667 0.40875 0.295
10 0.780625 0.20416666666666666 0.24625 0.37333333333333335
10 0.675 0.23916666666666667 0.355 0.4083333333333333
0 0.268125 0.635 0.27125 0.35833333333333334