10 0.266875 0.465 0.204375 0.37916666666666665
10 0.183125 0.43333333333333335 0.166875 0.4025
10 0.335 0.24583333333333332 0.1625 0.20083333333333334
10 0.62625 0.16833333333333333 0.136875 0.10416666666666667
10 0.643125 0.8041666666666667 0.35125 0.30583333333333335
10 0.268125 0.7833333333333333 0.349375 0.32666666666666666
11 0.175625 0.855 0.24625 0.13916666666666666
0 0.71875 0.5075 0.200625 0.225
6 0.876875 0.665 0.24625 0.34
7 0.6325 0.5933333333333334 0.419375 0.22416666666666665
4 0.5225 0.36666666666666664 0.2625 0.23666666666666666
4 0.639375 0.3025 0.14625 0.19583333333333333
6 0.854375 0.45 0.1375 0.1675