10 0.3375 0.8333333333333334 0.4275 0.3016666666666667
10 0.46 0.7125 0.38625 0.32166666666666666
10 0.645625 0.5233333333333333 0.2325 0.43333333333333335
10 0.685 0.2708333333333333 0.19625 0.21166666666666667
10 0.420625 0.14 0.1525 0.13833333333333334
10 0.75125 0.5266666666666666 0.225 0.41333333333333333
10 0.824375 0.5191666666666667 0.22625 0.45166666666666666
10 0.693125 0.8216666666666667 0.38125 0.3566666666666667
11 0.76875 0.915 0.2675 0.17
7 0.195 0.575 0.39 0.5866666666666667
0 0.29 0.45666666666666667 0.225 0.2783333333333333
6 0.121875 0.5141666666666667 0.24375 0.415
4 0.39125 0.27416666666666667 0.18125 0.27166666666666667