0 0.709375 0.5216666666666666 0.193125 0.2625
10 0.92375 0.685 0.123125 0.395
1 0.553125 0.325 0.269375 0.22666666666666666
7 0.1275 0.5975 0.17875 0.495
7 0.32625 0.7391666666666666 0.328125 0.44666666666666666
3 0.605625 0.7366666666666667 0.29 0.4558333333333333
6 0.835625 0.5108333333333334 0.143125 0.20166666666666666
7 0.5 0.3725 0.12625 0.4741666666666667
7 0.56 0.15 0.249375 0.21083333333333334
7 0.726875 0.11333333333333333 0.183125 0.14166666666666666
7 0.365625 0.22333333333333333 0.3025 0.39666666666666667
7 0.27375 0.2225 0.26375 0.28583333333333333
11 0.171875 0.8525 0.241875 0.14583333333333334