8 0.201875 0.5883333333333334 0.26875 0.48
10 0.45375 0.6841666666666667 0.2875 0.595
10 0.330625 0.13 0.1975 0.18166666666666667
7 0.47125 0.3308333333333333 0.38375 0.38666666666666666
10 0.43625 0.25166666666666665 0.31 0.23
10 0.711875 0.2175 0.16375 0.15
6 0.686875 0.755 0.29125 0.49
0 0.703125 0.5758333333333333 0.23 0.3016666666666667
11 0.125625 0.77 0.25125 0.20333333333333334
1 0.20375 0.33416666666666667 0.20875 0.37
6 0.630625 0.3125 0.2525 0.38333333333333336
6 0.86875 0.7141666666666666 0.26125 0.39666666666666667