10 0.4875 0.265 0.39625 0.3616666666666667
10 0.408125 0.6908333333333333 0.32875 0.6183333333333333
11 0.219375 0.93 0.30125 0.14
0 0.76625 0.4508333333333333 0.265 0.3516666666666667
1 0.89 0.4975 0.22 0.435
1 0.811875 0.7575 0.37625 0.415
1 0.190625 0.435 0.2525 0.39166666666666666
7 0.22125 0.3233333333333333 0.1975 0.31
5 0.209375 0.7366666666666667 0.28625 0.5266666666666666
4 0.12 0.7016666666666667 0.24 0.5133333333333333
4 0.2375 0.18666666666666668 0.21 0.22
7 0.70375 0.15666666666666668 0.2525 0.31333333333333335
10 0.63125 0.09916666666666667 0.17125 0.15666666666666668