10 0.695625 0.27416666666666667 0.21125 0.37333333333333335
10 0.85625 0.3375 0.20625 0.37333333333333335
4 0.394375 0.8641666666666666 0.49625 0.27166666666666667
11 0.80375 0.9316666666666666 0.2925 0.13666666666666666
0 0.248125 0.4483333333333333 0.26625 0.33
1 0.653125 0.76 0.44 0.46
7 0.435 0.2733333333333333 0.43125 0.41333333333333333
7 0.519375 0.225 0.37125 0.44166666666666665
7 0.333125 0.0675 0.20375 0.135
7 0.394375 0.6908333333333333 0.5825 0.4483333333333333
6 0.10125 0.525 0.2025 0.41333333333333333
7 0.099375 0.7566666666666667 0.19875 0.24
5 0.904375 0.6975 0.19125 0.555