8 0.2125 0.63 0.165 0.5683333333333334
10 0.098125 0.5741666666666667 0.1425 0.455
10 0.455 0.8008333333333333 0.4 0.3566666666666667
10 0.7425 0.8533333333333334 0.4125 0.2816666666666667
11 0.1325 0.8491666666666666 0.26125 0.16166666666666665
0 0.703125 0.5216666666666666 0.21125 0.2816666666666667
1 0.306875 0.27416666666666667 0.33375 0.21833333333333332
1 0.265 0.19416666666666665 0.22625 0.19333333333333333
1 0.875625 0.6441666666666667 0.20875 0.37333333333333335
7 0.606875 0.31083333333333335 0.21875 0.26
7 0.889375 0.4766666666666667 0.10875 0.24166666666666667
10 0.650625 0.15583333333333332 0.13875 0.09833333333333333