0 0.2875 0.4633333333333333 0.24125 0.32166666666666666
10 0.165625 0.5525 0.3 0.49666666666666665
1 0.42875 0.6875 0.425 0.5466666666666666
1 0.641875 0.5591666666666667 0.26875 0.4633333333333333
1 0.531875 0.4041666666666667 0.32625 0.375
1 0.800625 0.4558333333333333 0.1575 0.315
10 0.708125 0.8225 0.365 0.355
10 0.80375 0.6133333333333333 0.22 0.40166666666666667
10 0.39125 0.22 0.185 0.31833333333333336
1 0.38625 0.13 0.1325 0.14833333333333334
10 0.72 0.31083333333333335 0.17 0.2683333333333333
1 0.134375 0.375 0.1675 0.25833333333333336
4 0.585625 0.25416666666666665 0.2675 0.2833333333333333
11 0.764375 0.9275 0.26625 0.145