10 0.225625 0.44 0.22875 0.425
10 0.1925 0.7858333333333334 0.26875 0.24
11 0.19 0.9125 0.2725 0.175
0 0.718125 0.49 0.22625 0.28833333333333333
1 0.433125 0.725 0.32375 0.55
5 0.315625 0.6833333333333333 0.29375 0.5466666666666666
6 0.595 0.6791666666666667 0.32625 0.5183333333333333
6 0.67625 0.7175 0.26125 0.5333333333333333
6 0.868125 0.6583333333333333 0.24625 0.44333333333333336
6 0.893125 0.5483333333333333 0.21375 0.33666666666666667
6 0.915625 0.4141666666666667 0.16875 0.24833333333333332
6 0.5675 0.2825 0.305 0.3283333333333333
7 0.245 0.175 0.2325 0.22333333333333333