10 0.604375 0.8416666666666667 0.515 0.2866666666666667
10 0.695625 0.0675 0.11875 0.135
10 0.543125 0.16583333333333333 0.3325 0.26666666666666666
10 0.35125 0.18583333333333332 0.2425 0.25
10 0.294375 0.09083333333333334 0.21125 0.12333333333333334
1 0.25125 0.26416666666666666 0.195 0.305
10 0.268125 0.56 0.27625 0.535
1 0.15625 0.5908333333333333 0.18 0.545
11 0.2125 0.8775 0.29125 0.19833333333333333
4 0.43125 0.5916666666666667 0.38625 0.33166666666666667
4 0.4025 0.4141666666666667 0.27875 0.39166666666666666
0 0.79625 0.43 0.245 0.32666666666666666
7 0.940625 0.4575 0.11875 0.4816666666666667