7 0.3825 0.22166666666666668 0.238125 0.225
7 0.525625 0.865 0.565625 0.2175
6 0.883125 0.6116666666666667 0.233125 0.3566666666666667
6 0.51875 0.4066666666666667 0.390625 0.20333333333333334
6 0.50625 0.5791666666666667 0.430625 0.285
6 0.58875 0.6341666666666667 0.3675 0.3333333333333333
3 0.653125 0.3016666666666667 0.126875 0.26166666666666666
10 0.20875 0.2841666666666667 0.12625 0.2866666666666667
10 0.144375 0.6175 0.115 0.4066666666666667
5 0.246875 0.6091666666666666 0.173125 0.5783333333333334
11 0.16625 0.8533333333333334 0.2325 0.14166666666666666
0 0.709375 0.5083333333333333 0.1925 0.245