11 0.135 0.9166666666666666 0.2525 0.16666666666666666
4 0.305625 0.6325 0.335 0.53
10 0.355625 0.5575 0.41125 0.45666666666666667
1 0.53375 0.2925 0.35 0.25333333333333335
10 0.63875 0.13583333333333333 0.09125 0.08833333333333333
1 0.299375 0.24083333333333334 0.1675 0.25166666666666665
1 0.216875 0.3075 0.22 0.22333333333333333
10 0.135 0.6725 0.18875 0.4816666666666667
1 0.070625 0.6325 0.14125 0.495
0 0.70625 0.5225 0.22625 0.29833333333333334
1 0.844375 0.5716666666666667 0.2225 0.3983333333333333
10 0.81 0.7991666666666667 0.32125 0.37166666666666665
1 0.453125 0.8533333333333334 0.45625 0.29333333333333333