7 0.505625 0.6083333333333333 0.50625 0.47833333333333333
5 0.145 0.5316666666666666 0.29 0.49666666666666665
11 0.116875 0.765 0.23375 0.23
10 0.303125 0.7341666666666666 0.4325 0.335
10 0.76625 0.8108333333333333 0.38 0.37833333333333335
10 0.8625 0.6858333333333333 0.2175 0.355
10 0.608125 0.43666666666666665 0.30125 0.32666666666666666
10 0.529375 0.29333333333333333 0.34375 0.27
10 0.339375 0.135 0.24875 0.21166666666666667
10 0.371875 0.3416666666666667 0.33875 0.2816666666666667
10 0.204375 0.285 0.25625 0.40166666666666667
0 0.700625 0.5866666666666667 0.24 0.30833333333333335
4 0.7 0.24333333333333335 0.17375 0.22333333333333333