0 0.703125 0.5783333333333334 0.24 0.30333333333333334
4 0.2875 0.15416666666666667 0.1725 0.23
4 0.899375 0.7741666666666667 0.19625 0.45166666666666666
7 0.74625 0.8208333333333333 0.3725 0.335
7 0.551875 0.3458333333333333 0.37875 0.42833333333333334
7 0.536875 0.24916666666666668 0.3375 0.40166666666666667
7 0.459375 0.6425 0.37875 0.715
5 0.23375 0.575 0.32 0.6433333333333333
5 0.1375 0.49666666666666665 0.275 0.6333333333333333
5 0.070625 0.49166666666666664 0.14125 0.5333333333333333
10 0.44375 0.8375 0.4925 0.325
11 0.113125 0.7783333333333333 0.22625 0.22