7 0.828125 0.25166666666666665 0.24 0.23666666666666666
7 0.731875 0.3475 0.385 0.3433333333333333
7 0.4625 0.11083333333333334 0.2575 0.22166666666666668
7 0.583125 0.4 0.4875 0.43666666666666665
7 0.114375 0.35583333333333333 0.19875 0.33166666666666667
7 0.111875 0.6225 0.22375 0.4583333333333333
5 0.905625 0.7675 0.18875 0.465
7 0.8125 0.7425 0.325 0.515
10 0.680625 0.7541666666666667 0.39625 0.49166666666666664
10 0.441875 0.8191666666666667 0.52875 0.3616666666666667
10 0.508125 0.3725 0.3925 0.41333333333333333
11 0.783125 0.9608333333333333 0.26375 0.07833333333333334
0 0.295 0.48333333333333334 0.2675 0.3516666666666667