0 0.70125 0.5825 0.23625 0.31666666666666665
1 0.871875 0.7441666666666666 0.21375 0.45166666666666666
11 0.125 0.79 0.25 0.20666666666666667
10 0.363125 0.8425 0.46375 0.315
10 0.6875 0.8733333333333333 0.39 0.25333333333333335
10 0.52375 0.2891666666666667 0.35625 0.245
10 0.620625 0.20083333333333334 0.2375 0.18166666666666667
10 0.344375 0.25416666666666665 0.305 0.3383333333333333
10 0.2575 0.21916666666666668 0.2225 0.31333333333333335
5 0.229375 0.5916666666666667 0.3575 0.49833333333333335
5 0.14375 0.5525 0.25875 0.44666666666666666
7 0.08375 0.5025 0.1675 0.515