7 0.2375 0.8366666666666667 0.4675 0.32666666666666666
7 0.555 0.10333333333333333 0.325 0.20666666666666667
5 0.784375 0.6266666666666667 0.3175 0.49833333333333335
5 0.58 0.7875 0.48625 0.335
4 0.709375 0.17166666666666666 0.1625 0.25333333333333335
4 0.901875 0.5708333333333333 0.17125 0.44666666666666666
10 0.299375 0.13333333333333333 0.16625 0.13
10 0.283125 0.20583333333333334 0.13375 0.14166666666666666
10 0.376875 0.42 0.28125 0.37666666666666665
10 0.49875 0.27166666666666667 0.34 0.22
11 0.843125 0.8691666666666666 0.26625 0.16833333333333333
0 0.246875 0.5108333333333334 0.2225 0.2633333333333333
1 0.078125 0.69 0.15625 0.4866666666666667
1 0.313125 0.7033333333333334 0.44375 0.38666666666666666