0 0.32625 0.6233333333333333 0.26875 0.3616666666666667
11 0.921875 0.8058333333333333 0.15625 0.18833333333333332
10 0.615 0.8816666666666667 0.5475 0.23666666666666666
10 0.7625 0.7566666666666667 0.475 0.38666666666666666
10 0.696875 0.11 0.27125 0.20333333333333334
10 0.77125 0.22833333333333333 0.265 0.27
7 0.5425 0.44083333333333335 0.46375 0.5483333333333333
10 0.475625 0.2525 0.34875 0.21333333333333335
10 0.414375 0.3933333333333333 0.33875 0.265
5 0.864375 0.5491666666666667 0.27125 0.6183333333333333
6 0.250625 0.7758333333333334 0.46875 0.4483333333333333
6 0.164375 0.7675 0.31625 0.465
10 0.928125 0.5208333333333334 0.14375 0.5083333333333333
10 0.3425 0.24083333333333334 0.15875 0.20166666666666666