0 0.7 0.575 0.24 0.31333333333333335
11 0.1275 0.7616666666666667 0.255 0.21333333333333335
10 0.4575 0.42833333333333334 0.39125 0.36333333333333334
10 0.680625 0.22583333333333333 0.135 0.17166666666666666
10 0.76875 0.7766666666666666 0.3075 0.44666666666666666
1 0.45 0.7716666666666666 0.4575 0.45666666666666667
1 0.266875 0.39666666666666667 0.2425 0.375
1 0.44 0.26666666666666666 0.35 0.24166666666666667
10 0.676875 0.39166666666666666 0.13625 0.15666666666666668
10 0.320625 0.17666666666666667 0.23 0.24
1 0.178125 0.5258333333333334 0.21125 0.4866666666666667
5 0.15875 0.6083333333333333 0.3125 0.3283333333333333
4 0.451875 0.5533333333333333 0.2675 0.545