0 0.28375 0.4558333333333333 0.22375 0.30333333333333334
11 0.805 0.9091666666666667 0.27 0.18166666666666667
1 0.398125 0.7958333333333333 0.53875 0.4083333333333333
10 0.51625 0.44416666666666665 0.34875 0.35333333333333333
10 0.488125 0.22833333333333333 0.29875 0.22166666666666668
10 0.42 0.1 0.15 0.12833333333333333
10 0.70875 0.7241666666666666 0.21625 0.545
10 0.825 0.6633333333333333 0.2025 0.4716666666666667
10 0.27625 0.6391666666666667 0.44 0.29
1 0.088125 0.5741666666666667 0.17625 0.48833333333333334
10 0.154375 0.4166666666666667 0.11625 0.22
4 0.785625 0.3441666666666667 0.25875 0.36333333333333334
7 0.74125 0.24666666666666667 0.26875 0.25166666666666665