7 0.464375 0.3258333333333333 0.25875 0.3975
1 0.431875 0.3475 0.31625 0.32083333333333336
1 0.656875 0.8458333333333333 0.44875 0.2375
0 0.7075 0.5041666666666667 0.195 0.2425
11 0.17 0.8575 0.243125 0.14583333333333334
10 0.678125 0.7183333333333334 0.38875 0.2758333333333333
10 0.7775 0.6475 0.33875 0.22916666666666666
10 0.86 0.4925 0.0975 0.18416666666666667
10 0.6425 0.15833333333333333 0.075625 0.1
7 0.23125 0.38916666666666666 0.189375 0.2991666666666667
7 0.675 0.2758333333333333 0.2075 0.205
5 0.09375 0.6 0.166875 0.4608333333333333
7 0.29375 0.1775 0.2175 0.21583333333333332