10 0.765625 0.26416666666666666 0.23625 0.24166666666666667
10 0.389375 0.14416666666666667 0.13625 0.15833333333333333
10 0.356875 0.28833333333333333 0.1525 0.18666666666666668
10 0.223125 0.8241666666666667 0.40375 0.2683333333333333
11 0.785 0.9175 0.2675 0.165
0 0.290625 0.46416666666666667 0.22875 0.2916666666666667
6 0.163125 0.3875 0.1625 0.22166666666666668
5 0.864375 0.7258333333333333 0.21 0.5283333333333333
5 0.7825 0.7125 0.20375 0.56
7 0.63875 0.6783333333333333 0.2775 0.6433333333333333
7 0.43125 0.7991666666666667 0.495 0.40166666666666667
7 0.21 0.5925 0.35625 0.405
7 0.078125 0.4708333333333333 0.15625 0.375
7 0.526875 0.26166666666666666 0.3425 0.3233333333333333