10 0.384375 0.6641666666666667 0.3975 0.6466666666666666
10 0.6125 0.28833333333333333 0.34 0.245
10 0.645 0.09 0.2475 0.18
10 0.276875 0.17 0.14 0.13666666666666666
10 0.783125 0.23 0.17 0.295
7 0.41625 0.2275 0.26375 0.38666666666666666
6 0.169375 0.755 0.3325 0.4583333333333333
10 0.14125 0.7175 0.26375 0.5516666666666666
0 0.241875 0.5225 0.23125 0.32
11 0.858125 0.7833333333333333 0.28375 0.22
8 0.64625 0.7291666666666666 0.48875 0.325
5 0.826875 0.5158333333333334 0.30875 0.5633333333333334
4 0.905 0.49833333333333335 0.19 0.4533333333333333