7 0.77875 0.765 0.286875 0.20166666666666666
7 0.18375 0.39916666666666667 0.166875 0.2891666666666667
6 0.6025 0.28833333333333333 0.215625 0.255
4 0.4 0.7225 0.206875 0.3516666666666667
10 0.56625 0.8933333333333333 0.331875 0.14666666666666667
10 0.801875 0.6841666666666667 0.26 0.13666666666666666
10 0.21125 0.25333333333333335 0.11625 0.21583333333333332
10 0.095 0.6733333333333333 0.1125 0.24916666666666668
11 0.173125 0.8541666666666666 0.2475 0.1525
0 0.70875 0.5175 0.2 0.26
5 0.175625 0.6941666666666667 0.184375 0.3308333333333333