0 0.71 0.5083333333333333 0.193125 0.23833333333333334
4 0.264375 0.22666666666666666 0.136875 0.1825
4 0.93125 0.6533333333333333 0.1375 0.43333333333333335
7 0.785 0.7216666666666667 0.3225 0.23166666666666666
7 0.536875 0.33416666666666667 0.31375 0.32416666666666666
7 0.508125 0.24833333333333332 0.27625 0.31
7 0.4975 0.6433333333333333 0.2625 0.6383333333333333
5 0.276875 0.6291666666666667 0.22 0.5575
5 0.169375 0.5841666666666666 0.190625 0.5558333333333333
5 0.0775 0.6025 0.135625 0.48333333333333334
10 0.514375 0.8416666666666667 0.43625 0.24083333333333334
11 0.171875 0.8541666666666666 0.24625 0.14333333333333334