0 0.22 0.5375 0.235 0.31
11 0.80875 0.9408333333333333 0.29 0.11833333333333333
10 0.880625 0.7016666666666667 0.1625 0.49333333333333335
6 0.28625 0.7383333333333333 0.32 0.5133333333333333
6 0.09125 0.7375 0.1825 0.47833333333333333
6 0.079375 0.6475 0.15875 0.3983333333333333
6 0.420625 0.48583333333333334 0.41 0.3433333333333333
6 0.3725 0.27166666666666667 0.3075 0.36833333333333335
7 0.29 0.13833333333333334 0.1825 0.27666666666666667
7 0.71875 0.19666666666666666 0.25125 0.22666666666666666
7 0.6725 0.6416666666666667 0.2025 0.7166666666666667
5 0.80625 0.7333333333333333 0.2175 0.5333333333333333