7 0.21375 0.6041666666666666 0.4275 0.45166666666666666
1 0.514375 0.2783333333333333 0.35875 0.31666666666666665
10 0.545 0.125 0.2 0.16833333333333333
1 0.281875 0.28833333333333333 0.19375 0.28833333333333333
1 0.2175 0.3825 0.22625 0.3466666666666667
1 0.13125 0.7233333333333334 0.20875 0.5116666666666667
10 0.240625 0.715 0.225 0.49666666666666665
11 0.215 0.9258333333333333 0.2725 0.14833333333333334
10 0.53875 0.8158333333333333 0.5 0.36833333333333335
10 0.845625 0.6658333333333334 0.30875 0.415
1 0.840625 0.43916666666666665 0.25125 0.43
0 0.698125 0.44333333333333336 0.2475 0.3333333333333333