1 0.683125 0.7433333333333333 0.41625 0.36833333333333335
1 0.88875 0.5975 0.135625 0.3975
0 0.705625 0.5133333333333333 0.194375 0.25333333333333335
11 0.168125 0.8558333333333333 0.24375 0.145
7 0.3075 0.20416666666666666 0.28625 0.2758333333333333
10 0.35125 0.24083333333333334 0.21625 0.11583333333333333
10 0.66625 0.3425 0.088125 0.12583333333333332
10 0.683125 0.235 0.08125 0.105
4 0.535 0.27166666666666667 0.264375 0.2625
4 0.400625 0.375 0.284375 0.2225
7 0.403125 0.6733333333333333 0.344375 0.5475
4 0.110625 0.7625 0.1375 0.26166666666666666
5 0.239375 0.6166666666666667 0.178125 0.5466666666666666
4 0.4425 0.53 0.28125 0.25166666666666665