10 0.5525 0.36916666666666664 0.188125 0.24833333333333332
10 0.63375 0.20083333333333334 0.106875 0.08666666666666667
10 0.873125 0.6916666666666667 0.17625 0.2733333333333333
10 0.1075 0.6491666666666667 0.111875 0.3525
10 0.22125 0.265 0.1375 0.22583333333333333
11 0.170625 0.8566666666666667 0.2375 0.1475
0 0.708125 0.5166666666666667 0.196875 0.25333333333333335
1 0.40125 0.3408333333333333 0.2025 0.29
1 0.229375 0.4266666666666667 0.15375 0.3025
7 0.448125 0.7991666666666667 0.3475 0.265
10 0.188125 0.685 0.10875 0.3566666666666667