0 0.2375 0.42333333333333334 0.2525 0.3416666666666667
10 0.03375 0.5716666666666667 0.0675 0.4633333333333333
1 0.439375 0.23166666666666666 0.335 0.31666666666666665
7 0.88125 0.6333333333333333 0.2375 0.6033333333333334
7 0.649375 0.7316666666666667 0.42875 0.5366666666666666
3 0.329375 0.6908333333333333 0.38625 0.5833333333333334
6 0.094375 0.38333333333333336 0.18875 0.26166666666666666
7 0.495 0.2966666666666667 0.20125 0.57
7 0.448125 0.08833333333333333 0.30125 0.17666666666666667
7 0.2625 0.025833333333333333 0.2175 0.051666666666666666
7 0.661875 0.2075 0.38375 0.415
7 0.769375 0.1925 0.3325 0.345
11 0.811875 0.9033333333333333 0.29375 0.19333333333333333