5 0.263125 0.5883333333333334 0.2275 0.585
10 0.13875 0.5025 0.18 0.5016666666666667
7 0.873125 0.5883333333333334 0.25375 0.37333333333333335
4 0.35875 0.2833333333333333 0.2375 0.365
7 0.3275 0.1475 0.29 0.295
11 0.15375 0.8366666666666667 0.27625 0.18166666666666667
10 0.4875 0.8458333333333333 0.44375 0.29
10 0.835 0.7733333333333333 0.32625 0.45
10 0.564375 0.42333333333333334 0.3425 0.4116666666666667
10 0.545 0.2675 0.3375 0.25833333333333336
10 0.693125 0.195 0.1375 0.34833333333333333
0 0.770625 0.5141666666666667 0.2175 0.31166666666666665
8 0.171875 0.6366666666666667 0.15125 0.4666666666666667