10 0.199375 0.3591666666666667 0.14375 0.25
11 0.24375 0.9175 0.27 0.165
0 0.709375 0.4533333333333333 0.2475 0.3383333333333333
7 0.549375 0.6983333333333334 0.325 0.5916666666666667
6 0.713125 0.6441666666666667 0.25 0.5583333333333333
7 0.879375 0.5683333333333334 0.24125 0.44333333333333336
7 0.899375 0.36833333333333335 0.17625 0.3383333333333333
7 0.371875 0.3175 0.2975 0.425
5 0.290625 0.6641666666666667 0.34125 0.6716666666666666
5 0.184375 0.6891666666666667 0.26375 0.5716666666666667
7 0.275625 0.20666666666666667 0.30875 0.30833333333333335
10 0.1375 0.745 0.20375 0.4116666666666667
4 0.59625 0.26166666666666666 0.17625 0.3233333333333333
10 0.825625 0.3641666666666667 0.08625 0.15