0 0.75875 0.48083333333333333 0.22125 0.29833333333333334
11 0.1625 0.8975 0.28 0.18
1 0.606875 0.8225 0.55875 0.355
10 0.511875 0.43416666666666665 0.35375 0.335
10 0.56 0.20833333333333334 0.31125 0.19666666666666666
10 0.643125 0.08083333333333333 0.15375 0.11833333333333333
10 0.2825 0.7041666666666667 0.19125 0.5683333333333334
10 0.16375 0.6216666666666667 0.1825 0.48833333333333334
10 0.75125 0.6775 0.46 0.25166666666666665
1 0.940625 0.64 0.11875 0.5033333333333333
10 0.9 0.4583333333333333 0.10875 0.225
4 0.231875 0.2875 0.255 0.36
7 0.2875 0.18916666666666668 0.275 0.23333333333333334