6 0.41625 0.7716666666666666 0.445 0.45666666666666667
6 0.15375 0.815 0.2675 0.37
6 0.50125 0.7016666666666667 0.5025 0.5566666666666666
10 0.46875 0.47583333333333333 0.45625 0.36833333333333335
6 0.49875 0.4816666666666667 0.4975 0.37333333333333335
6 0.1075 0.6225 0.215 0.24833333333333332
10 0.68375 0.73 0.4275 0.5383333333333333
11 0.900625 0.8216666666666667 0.19875 0.18666666666666668
10 0.844375 0.6258333333333334 0.2725 0.5366666666666666
10 0.9225 0.55 0.155 0.5233333333333333
7 0.54125 0.125 0.3125 0.25