7 0.64375 0.6575 0.4925 0.5983333333333334
7 0.938125 0.5708333333333333 0.12375 0.26166666666666666
7 0.25625 0.14916666666666667 0.2175 0.29833333333333334
7 0.27625 0.5983333333333334 0.285 0.675
5 0.11 0.48333333333333334 0.22 0.5666666666666667
4 0.315 0.24333333333333335 0.285 0.38333333333333336
7 0.760625 0.205 0.15 0.29
10 0.593125 0.27 0.33 0.285
10 0.9425 0.79 0.105 0.42
10 0.56875 0.8475 0.5075 0.305
11 0.143125 0.785 0.28375 0.225
0 0.77875 0.5683333333333334 0.2525 0.33166666666666667