0 0.71375 0.5108333333333334 0.194375 0.23833333333333334
4 0.721875 0.7333333333333333 0.22625 0.44416666666666665
10 0.9175 0.655 0.12875 0.4691666666666667
1 0.569375 0.31833333333333336 0.309375 0.215
10 0.63 0.195 0.16125 0.1325
10 0.2425 0.3308333333333333 0.14125 0.2425
10 0.21 0.6316666666666667 0.216875 0.4175
10 0.473125 0.8116666666666666 0.4025 0.30666666666666664
10 0.1375 0.5608333333333333 0.13 0.385
1 0.3525 0.25166666666666665 0.161875 0.24
11 0.17375 0.855 0.24625 0.1425
1 0.850625 0.635 0.129375 0.48333333333333334