1 0.626875 0.4866666666666667 0.340625 0.41
10 0.8175 0.8525 0.3225 0.19416666666666665
1 0.816875 0.6441666666666667 0.221875 0.39916666666666667
10 0.608125 0.2775 0.266875 0.13
10 0.143125 0.5875 0.131875 0.4275
10 0.44875 0.775 0.4275 0.3016666666666667
10 0.418125 0.31583333333333335 0.218125 0.22666666666666666
4 0.3475 0.15 0.169375 0.14583333333333334
4 0.255 0.2275 0.12875 0.17416666666666666
4 0.255625 0.4041666666666667 0.26375 0.23416666666666666
0 0.715 0.5191666666666667 0.19375 0.2625
11 0.171875 0.8516666666666667 0.244375 0.14333333333333334
10 0.640625 0.1875 0.130625 0.10083333333333333