5 0.19 0.6091666666666666 0.233125 0.4683333333333333
5 0.083125 0.6058333333333333 0.140625 0.4816666666666667
5 0.11625 0.9591666666666666 0.1175 0.08166666666666667
11 0.171875 0.8558333333333333 0.24625 0.14333333333333334
10 0.276875 0.37416666666666665 0.131875 0.31666666666666665
10 0.441875 0.3625 0.25125 0.31916666666666665
10 0.86875 0.46 0.090625 0.14333333333333334
10 0.815 0.8516666666666667 0.32125 0.195
10 0.48875 0.8566666666666667 0.43875 0.20083333333333334
7 0.305625 0.13166666666666665 0.193125 0.16666666666666666
10 0.73625 0.6933333333333334 0.386875 0.30833333333333335
1 0.564375 0.4191666666666667 0.21125 0.3983333333333333
0 0.71 0.5008333333333334 0.193125 0.2225
7 0.323125 0.6791666666666667 0.368125 0.37666666666666665