0 0.7175 0.5166666666666667 0.186875 0.25333333333333335
5 0.19875 0.6333333333333333 0.24 0.5458333333333333
11 0.17375 0.8533333333333334 0.239375 0.13666666666666666
1 0.4325 0.81 0.3975 0.285
1 0.65125 0.6841666666666667 0.323125 0.38166666666666665
1 0.895625 0.6858333333333333 0.16375 0.44583333333333336
10 0.32 0.185 0.23625 0.1125
10 0.621875 0.17916666666666667 0.149375 0.12583333333333332
10 0.605625 0.36666666666666664 0.196875 0.2475
10 0.18875 0.38166666666666665 0.1875 0.31833333333333336
4 0.4925 0.5608333333333333 0.264375 0.4091666666666667
1 0.395 0.31416666666666665 0.293125 0.19166666666666668