4 0.24375 0.10416666666666667 0.1625 0.20833333333333334
6 0.8525 0.7583333333333333 0.29 0.48333333333333334
6 0.880625 0.6383333333333333 0.23875 0.3566666666666667
6 0.541875 0.5558333333333333 0.3625 0.49166666666666664
6 0.568125 0.7275 0.38875 0.545
5 0.25375 0.6208333333333333 0.38 0.6133333333333333
5 0.139375 0.5725 0.27875 0.5283333333333333
7 0.088125 0.4708333333333333 0.17625 0.5616666666666666
7 0.735625 0.1 0.14625 0.14333333333333334
7 0.541875 0.20166666666666666 0.3625 0.37333333333333335
11 0.1075 0.82 0.215 0.20666666666666667
0 0.71625 0.54 0.24625 0.305