7 0.4675 0.2975 0.36875 0.33666666666666667
7 0.615625 0.6575 0.455 0.5966666666666667
7 0.75 0.7283333333333334 0.30625 0.435
5 0.8725 0.7083333333333334 0.235 0.5
11 0.761875 0.9116666666666666 0.28125 0.17666666666666667
10 0.498125 0.8366666666666667 0.43375 0.32666666666666666
10 0.19625 0.7533333333333333 0.38625 0.3433333333333333
1 0.099375 0.5125 0.19875 0.45166666666666666
10 0.39625 0.12166666666666667 0.2025 0.19
10 0.536875 0.27416666666666667 0.35625 0.27
10 0.803125 0.3475 0.21875 0.33
10 0.709375 0.32666666666666666 0.3125 0.36333333333333334
0 0.283125 0.4483333333333333 0.24 0.31833333333333336