7 0.793125 0.8225 0.31875 0.22333333333333333
7 0.131875 0.41583333333333333 0.185 0.32166666666666666
6 0.596875 0.2925 0.24 0.2833333333333333
4 0.371875 0.775 0.23 0.39
10 0.55625 0.9416666666666667 0.36875 0.11666666666666667
10 0.81875 0.7316666666666667 0.28875 0.15333333333333332
10 0.1625 0.25333333333333335 0.12875 0.24
10 0.0475 0.72 0.095 0.27666666666666667
11 0.12875 0.9183333333333333 0.2575 0.16333333333333333
0 0.715 0.5475 0.2225 0.28833333333333333
5 0.123125 0.7433333333333333 0.205 0.36666666666666664