4 0.188125 0.41 0.25625 0.315
5 0.105 0.6808333333333333 0.21 0.505
7 0.450625 0.7291666666666666 0.4425 0.52
7 0.69875 0.8341666666666666 0.4975 0.33166666666666667
7 0.3125 0.23333333333333334 0.1975 0.26666666666666666
6 0.49375 0.41083333333333333 0.41 0.335
6 0.861875 0.6133333333333333 0.27625 0.4
6 0.871875 0.43 0.25625 0.32
11 0.2 0.9166666666666666 0.24 0.16666666666666666
10 0.23625 0.7758333333333334 0.29 0.3
10 0.51125 0.25333333333333335 0.28625 0.17833333333333334
10 0.588125 0.14083333333333334 0.13 0.10833333333333334
0 0.7 0.4891666666666667 0.2225 0.295