11 0.168125 0.8525 0.255 0.15166666666666667
10 0.35875 0.7758333333333334 0.394375 0.2275
10 0.29875 0.305 0.249375 0.18833333333333332
10 0.320625 0.17833333333333334 0.22125 0.10666666666666667
10 0.5275 0.25166666666666665 0.303125 0.12833333333333333
10 0.58125 0.3516666666666667 0.32375 0.16416666666666666
7 0.24 0.6483333333333333 0.173125 0.5733333333333334
6 0.508125 0.56 0.39625 0.2633333333333333
6 0.659375 0.7325 0.295625 0.49083333333333334
6 0.8875 0.6858333333333333 0.225 0.35
6 0.8575 0.46416666666666667 0.154375 0.20333333333333334
0 0.7175 0.5191666666666667 0.21625 0.26166666666666666
10 0.64625 0.1675 0.12875 0.1225
8 0.133125 0.6125 0.1825 0.45416666666666666