7 0.47375 0.7875 0.5325 0.335
7 0.84125 0.7016666666666667 0.3175 0.32666666666666666
7 0.554375 0.30833333333333335 0.36625 0.20833333333333334
7 0.3575 0.3458333333333333 0.225625 0.415
7 0.263125 0.6075 0.21 0.5166666666666667
7 0.110625 0.5225 0.19 0.44916666666666666
6 0.51875 0.4675 0.36875 0.29333333333333333
6 0.849375 0.4533333333333333 0.1725 0.22583333333333333
4 0.16125 0.755 0.20375 0.2075
11 0.166875 0.8533333333333334 0.243125 0.14666666666666667
10 0.29875 0.2125 0.19875 0.1375
10 0.175 0.435 0.1425 0.4033333333333333
10 0.668125 0.2425 0.100625 0.25333333333333335
0 0.713125 0.52 0.179375 0.2633333333333333