0 0.713125 0.5183333333333333 0.19625 0.25916666666666666
10 0.841875 0.5125 0.0875 0.1975
10 0.901875 0.6716666666666666 0.136875 0.44666666666666666
10 0.695625 0.6941666666666667 0.38125 0.19916666666666666
10 0.29 0.6933333333333334 0.178125 0.4825
10 0.5375 0.27416666666666667 0.29375 0.1425
10 0.628125 0.16833333333333333 0.129375 0.0975
4 0.179375 0.4975 0.149375 0.285
4 0.24375 0.35 0.27375 0.285
4 0.47375 0.4075 0.246875 0.2775
7 0.258125 0.22166666666666668 0.26375 0.19666666666666666
1 0.581875 0.8175 0.490625 0.2966666666666667
11 0.173125 0.8533333333333334 0.24625 0.14416666666666667