11 0.171875 0.8541666666666666 0.2425 0.14583333333333334
10 0.30875 0.19083333333333333 0.16375 0.13416666666666666
10 0.50625 0.2775 0.315625 0.17666666666666667
8 0.106875 0.6383333333333333 0.104375 0.4033333333333333
10 0.485625 0.8666666666666667 0.4275 0.19916666666666666
5 0.143125 0.6116666666666667 0.118125 0.5316666666666666
5 0.250625 0.6108333333333333 0.184375 0.5833333333333334
6 0.510625 0.48083333333333333 0.38875 0.2816666666666667
6 0.6825 0.31166666666666665 0.118125 0.31083333333333335
6 0.89 0.6191666666666666 0.22 0.38666666666666666
3 0.820625 0.7183333333333334 0.16125 0.4141666666666667
3 0.724375 0.7166666666666667 0.18 0.4725
0 0.7175 0.5091666666666667 0.18 0.2525