11 0.128125 0.815 0.25625 0.18666666666666668
0 0.711875 0.5158333333333334 0.22125 0.27666666666666667
1 0.876875 0.6725 0.20875 0.52
1 0.705625 0.8633333333333333 0.39875 0.2733333333333333
1 0.461875 0.2683333333333333 0.3225 0.26
1 0.669375 0.19083333333333333 0.14125 0.145
1 0.308125 0.17333333333333334 0.26875 0.24833333333333332
10 0.3775 0.49333333333333335 0.3075 0.37166666666666665
10 0.616875 0.3825 0.24625 0.36666666666666664
10 0.73 0.7025 0.38375 0.24833333333333332
10 0.369375 0.7441666666666666 0.40875 0.36333333333333334
10 0.17625 0.5616666666666666 0.24125 0.525
10 0.108125 0.5316666666666666 0.18125 0.4866666666666667