0 0.7075 0.4866666666666667 0.22 0.3016666666666667
11 0.209375 0.91 0.26125 0.18
10 0.5125 0.85 0.465 0.3
5 0.145625 0.6625 0.25 0.5
10 0.18375 0.7233333333333334 0.175 0.38166666666666665
10 0.280625 0.22916666666666666 0.24875 0.16833333333333333
7 0.425 0.425 0.3875 0.4066666666666667
1 0.4175 0.315 0.31125 0.2733333333333333
10 0.563125 0.30583333333333335 0.2025 0.22333333333333333
1 0.9025 0.595 0.195 0.45666666666666667
10 0.83375 0.4041666666666667 0.1025 0.15666666666666668
4 0.418125 0.67 0.4175 0.33666666666666667
7 0.648125 0.09166666666666666 0.0875 0.12666666666666668