5 0.57375 0.8091666666666667 0.455 0.3333333333333333
11 0.781875 0.9133333333333333 0.28875 0.17333333333333334
8 0.81625 0.7108333333333333 0.2425 0.5116666666666667
1 0.694375 0.44666666666666666 0.40375 0.3233333333333333
10 0.0975 0.5391666666666667 0.195 0.47833333333333333
10 0.286875 0.7641666666666667 0.47625 0.41833333333333333
7 0.7825 0.1575 0.26875 0.23333333333333334
10 0.7625 0.24416666666666667 0.28125 0.2683333333333333
0 0.26625 0.4116666666666667 0.25875 0.3383333333333333
1 0.504375 0.5716666666666667 0.54125 0.4683333333333333
1 0.575 0.2825 0.3625 0.28833333333333333
1 0.409375 0.21166666666666667 0.23125 0.38
1 0.41875 0.075 0.155 0.15
1 0.0825 0.3408333333333333 0.1575 0.29333333333333333