7 0.439375 0.10583333333333333 0.288125 0.2025
6 0.86625 0.6566666666666666 0.174375 0.4375
7 0.08875 0.59 0.1775 0.43833333333333335
5 0.305625 0.6233333333333333 0.25875 0.5333333333333333
10 0.20625 0.5933333333333334 0.165625 0.4716666666666667
10 0.16 0.4875 0.13625 0.36083333333333334
10 0.448125 0.2833333333333333 0.3075 0.21166666666666667
1 0.66125 0.19333333333333333 0.149375 0.1575
10 0.885 0.4683333333333333 0.118125 0.15916666666666668
7 0.49 0.865 0.42875 0.20083333333333334
11 0.17375 0.8558333333333333 0.253125 0.14833333333333334
0 0.703125 0.5233333333333333 0.195 0.2633333333333333
10 0.91375 0.6991666666666667 0.1275 0.36333333333333334