0 0.283125 0.5566666666666666 0.245 0.3283333333333333
1 0.1025 0.7625 0.2025 0.475
1 0.36625 0.30583333333333335 0.2275 0.31666666666666665
5 0.86125 0.6516666666666666 0.2775 0.6066666666666667
7 0.795625 0.38333333333333336 0.28 0.52
7 0.550625 0.43833333333333335 0.22125 0.5383333333333333
7 0.08375 0.4825 0.1675 0.2683333333333333
7 0.724375 0.0725 0.25875 0.145
10 0.72125 0.15666666666666668 0.2925 0.19
10 0.754375 0.26416666666666666 0.34125 0.235
10 0.33625 0.12583333333333332 0.1525 0.13833333333333334
10 0.283125 0.8133333333333334 0.47625 0.37333333333333335
8 0.9475 0.61 0.105 0.49333333333333335
11 0.8975 0.875 0.205 0.18