5 0.638125 0.7133333333333334 0.46125 0.5466666666666666
7 0.8975 0.6383333333333333 0.205 0.47
0 0.26375 0.4041666666666667 0.26375 0.365
11 0.82625 0.9075 0.2725 0.185
10 0.21875 0.8133333333333334 0.41875 0.31
10 0.09375 0.5483333333333333 0.1875 0.51
10 0.0775 0.45416666666666666 0.155 0.4583333333333333
10 0.570625 0.44583333333333336 0.41375 0.34
10 0.52 0.25916666666666666 0.43125 0.25166666666666665
10 0.356875 0.04666666666666667 0.17375 0.09333333333333334
10 0.596875 0.16416666666666666 0.35625 0.19166666666666668
10 0.75875 0.11583333333333333 0.30625 0.18833333333333332
10 0.809375 0.3308333333333333 0.20625 0.3616666666666667