1 0.54 0.5066666666666667 0.275 0.39
0 0.71875 0.5041666666666667 0.21375 0.2733333333333333
11 0.158125 0.9266666666666666 0.27125 0.14666666666666667
10 0.374375 0.29583333333333334 0.36 0.23666666666666666
10 0.288125 0.435 0.37625 0.30333333333333334
10 0.853125 0.7283333333333334 0.29375 0.35333333333333333
10 0.1525 0.6858333333333333 0.21125 0.4533333333333333
5 0.3175 0.785 0.38 0.43
6 0.88875 0.5675 0.2225 0.355
7 0.233125 0.17333333333333334 0.22125 0.21833333333333332
7 0.538125 0.7641666666666667 0.42375 0.4716666666666667
7 0.63625 0.26666666666666666 0.19125 0.235
7 0.653125 0.09416666666666666 0.14375 0.18833333333333332
7 0.9425 0.36333333333333334 0.1125 0.20166666666666666