7 0.27 0.6991666666666667 0.5325 0.445
7 0.295 0.1375 0.26 0.245
7 0.761875 0.6075 0.27375 0.6466666666666666
11 0.868125 0.8508333333333333 0.26375 0.20166666666666666
10 0.654375 0.1575 0.2375 0.20166666666666666
10 0.504375 0.275 0.3925 0.27
10 0.65625 0.3408333333333333 0.31375 0.31166666666666665
10 0.196875 0.8808333333333334 0.32875 0.23833333333333334
10 0.53625 0.8458333333333333 0.5 0.30833333333333335
10 0.079375 0.6675 0.155 0.3616666666666667
8 0.8275 0.615 0.30125 0.5
0 0.249375 0.6125 0.24125 0.32166666666666666