7 0.6175 0.6516666666666666 0.4 0.225
7 0.516875 0.30916666666666665 0.230625 0.31583333333333335
11 0.16875 0.8533333333333334 0.253125 0.14583333333333334
10 0.140625 0.5875 0.140625 0.44333333333333336
8 0.361875 0.6891666666666667 0.326875 0.45416666666666666
8 0.274375 0.6508333333333334 0.241875 0.44416666666666665
10 0.193125 0.31083333333333335 0.1625 0.28833333333333333
10 0.35375 0.37833333333333335 0.35125 0.20166666666666666
10 0.621875 0.17083333333333334 0.1225 0.11666666666666667
10 0.84375 0.46 0.10125 0.16
10 0.684375 0.3525 0.08375 0.11833333333333333
10 0.881875 0.7075 0.19875 0.3491666666666667
0 0.71 0.5116666666666667 0.193125 0.245
10 0.51375 0.865 0.42 0.20916666666666667