0 0.295625 0.5341666666666667 0.2125 0.28
1 0.34375 0.2775 0.1425 0.23
4 0.86625 0.46416666666666667 0.17875 0.33666666666666667
5 0.780625 0.625 0.345 0.45666666666666667
7 0.13125 0.7233333333333334 0.2575 0.33166666666666667
10 0.523125 0.8641666666666666 0.46375 0.24
10 0.55625 0.685 0.45875 0.32
10 0.229375 0.7908333333333334 0.32 0.33
10 0.13125 0.5325 0.1425 0.185
10 0.343125 0.15916666666666668 0.13375 0.11666666666666667
10 0.545625 0.2633333333333333 0.33 0.20333333333333334
10 0.735 0.20583333333333334 0.24125 0.28
11 0.864375 0.825 0.25625 0.17333333333333334
1 0.696875 0.5891666666666666 0.34125 0.4666666666666667