11 0.16375 0.85 0.22125 0.1325
0 0.71125 0.5125 0.19625 0.2425
7 0.806875 0.71 0.38625 0.39
10 0.928125 0.6658333333333334 0.11625 0.33
10 0.153125 0.5083333333333333 0.135 0.35
7 0.454375 0.79 0.414375 0.32
7 0.63625 0.34833333333333333 0.18875 0.31666666666666665
7 0.403125 0.3441666666666667 0.326875 0.23416666666666666
7 0.513125 0.13166666666666665 0.24625 0.1725
7 0.283125 0.21 0.2075 0.24333333333333335
7 0.21125 0.21333333333333335 0.12875 0.2675
7 0.14125 0.6783333333333333 0.205 0.22666666666666666
4 0.325625 0.7241666666666666 0.3125 0.38166666666666665