4 0.27375 0.225 0.150625 0.17833333333333334
7 0.835 0.74 0.33 0.2891666666666667
4 0.928125 0.685 0.143125 0.39916666666666667
5 0.073125 0.5966666666666667 0.1175 0.4816666666666667
5 0.23125 0.6141666666666666 0.205 0.5275
7 0.159375 0.49833333333333335 0.16125 0.5391666666666667
7 0.5075 0.22166666666666668 0.291875 0.23333333333333334
7 0.420625 0.6391666666666667 0.255625 0.5933333333333334
7 0.33125 0.6141666666666666 0.2275 0.5608333333333333
10 0.589375 0.5975 0.153125 0.51
11 0.16875 0.8566666666666667 0.243125 0.14333333333333334
0 0.71625 0.5133333333333333 0.1825 0.24583333333333332
7 0.8875 0.4125 0.12 0.13666666666666666
10 0.655 0.17583333333333334 0.130625 0.125