4 0.579375 0.49416666666666664 0.405 0.51
10 0.6 0.785 0.4875 0.43
10 0.660625 0.25666666666666665 0.2625 0.31
6 0.389375 0.3541666666666667 0.4175 0.42
10 0.229375 0.8475 0.37125 0.305
10 0.14625 0.7241666666666666 0.22625 0.405
10 0.793125 0.545 0.24125 0.48333333333333334
1 0.864375 0.5108333333333334 0.24625 0.5166666666666667
10 0.5925 0.17 0.15875 0.24
10 0.239375 0.22583333333333333 0.11625 0.11666666666666667
0 0.258125 0.6058333333333333 0.25875 0.3566666666666667
11 0.87375 0.7616666666666667 0.2525 0.24