10 0.5225 0.5025 0.305625 0.38083333333333336
10 0.298125 0.19333333333333333 0.190625 0.12416666666666666
10 0.51625 0.87 0.430625 0.19333333333333333
7 0.87 0.6758333333333333 0.26 0.36833333333333335
7 0.461875 0.2683333333333333 0.329375 0.2575
7 0.6625 0.24666666666666667 0.139375 0.315
7 0.670625 0.07916666666666666 0.183125 0.12666666666666668
7 0.33 0.6216666666666667 0.145625 0.575
7 0.085 0.5983333333333334 0.146875 0.48833333333333334
4 0.191875 0.5158333333333334 0.175 0.44583333333333336
0 0.713125 0.5225 0.190625 0.2625
11 0.180625 0.8591666666666666 0.219375 0.13333333333333333