0 0.725 0.47833333333333333 0.24 0.31833333333333336
11 0.195 0.9108333333333334 0.28 0.17833333333333334
10 0.195 0.3541666666666667 0.13625 0.295
7 0.458125 0.345 0.3975 0.32166666666666666
7 0.504375 0.5875 0.43875 0.30833333333333335
7 0.821875 0.6583333333333333 0.35625 0.38
6 0.861875 0.4825 0.27625 0.265
7 0.879375 0.4125 0.13125 0.2
7 0.65625 0.058333333333333334 0.22 0.11666666666666667
7 0.673125 0.11666666666666667 0.1375 0.15333333333333332
7 0.528125 0.8483333333333334 0.54875 0.30333333333333334
5 0.084375 0.6816666666666666 0.16875 0.49333333333333335
5 0.235 0.6416666666666667 0.24625 0.625
6 0.579375 0.24333333333333335 0.28875 0.40166666666666667