11 0.16875 0.855 0.248125 0.15
0 0.71125 0.505 0.195 0.24166666666666667
1 0.878125 0.6366666666666667 0.168125 0.4775
1 0.7275 0.8425 0.365625 0.23083333333333333
1 0.458125 0.29833333333333334 0.294375 0.21416666666666667
1 0.650625 0.20166666666666666 0.126875 0.12416666666666666
1 0.30625 0.225 0.24375 0.20916666666666667
10 0.3925 0.5216666666666666 0.2725 0.32416666666666666
10 0.613125 0.39 0.214375 0.32666666666666666
10 0.74 0.6808333333333333 0.354375 0.19666666666666666
10 0.4 0.76 0.37125 0.305
10 0.205 0.6091666666666666 0.2 0.48
10 0.13875 0.5875 0.144375 0.44916666666666666