7 0.76375 0.22333333333333333 0.31 0.36833333333333335
5 0.32375 0.5883333333333334 0.34125 0.6833333333333333
5 0.194375 0.5116666666666667 0.2925 0.665
4 0.62875 0.655 0.45625 0.4116666666666667
1 0.685625 0.845 0.52875 0.31
0 0.833125 0.5941666666666666 0.2775 0.3566666666666667
1 0.95875 0.6425 0.0825 0.265
11 0.146875 0.7825 0.29375 0.255
10 0.4675 0.26 0.45 0.45666666666666667
10 0.42125 0.10833333333333334 0.2625 0.21666666666666667
10 0.85875 0.8275 0.2325 0.345
8 0.15375 0.495 0.3075 0.6066666666666667