10 0.4725 0.24166666666666667 0.39125 0.275
10 0.66625 0.055 0.1575 0.11
10 0.94 0.4575 0.12 0.3383333333333333
10 0.741875 0.655 0.44875 0.29
10 0.499375 0.8183333333333334 0.48 0.335
11 0.146875 0.8733333333333333 0.27875 0.17833333333333334
0 0.755 0.4375 0.235 0.2833333333333333
7 0.1025 0.39416666666666667 0.205 0.5383333333333333
5 0.15 0.5866666666666667 0.3 0.52
5 0.2725 0.6758333333333333 0.385 0.45166666666666666
1 0.266875 0.11166666666666666 0.23625 0.2
1 0.83375 0.7791666666666667 0.3325 0.375
7 0.705 0.235 0.13375 0.235