11 0.1725 0.9291666666666667 0.2725 0.14166666666666666
10 0.263125 0.22333333333333333 0.1875 0.16833333333333333
10 0.4825 0.2866666666666667 0.3525 0.23666666666666666
8 0.085 0.7333333333333333 0.14625 0.4483333333333333
10 0.508125 0.8908333333333334 0.47375 0.21833333333333332
5 0.121875 0.7 0.17125 0.5883333333333334
5 0.23625 0.6775 0.2475 0.645
6 0.504375 0.5033333333333333 0.44125 0.36
6 0.674375 0.2966666666666667 0.15375 0.3516666666666667
6 0.894375 0.5966666666666667 0.21125 0.44333333333333336
3 0.8575 0.7125 0.2075 0.4683333333333333
3 0.75375 0.7175 0.23125 0.52
0 0.72875 0.5033333333333333 0.21375 0.29833333333333334