0 0.308125 0.5908333333333333 0.23125 0.315
7 0.435625 0.4891666666666667 0.3225 0.47833333333333333
1 0.458125 0.345 0.35 0.2733333333333333
10 0.34625 0.19 0.09125 0.09333333333333334
1 0.695625 0.24666666666666667 0.17625 0.26
10 0.780625 0.3575 0.2725 0.22666666666666666
4 0.79 0.69 0.29 0.4666666666666667
10 0.8875 0.6475 0.22375 0.4633333333333333
1 0.93625 0.6166666666666667 0.1275 0.48333333333333334
1 0.59125 0.8658333333333333 0.4675 0.2683333333333333
11 0.893125 0.8958333333333334 0.21375 0.155
10 0.22625 0.8466666666666667 0.3325 0.30666666666666664
1 0.178125 0.66 0.24125 0.4