4 0.780625 0.225 0.17 0.20166666666666666
7 0.175625 0.8108333333333333 0.3475 0.3283333333333333
4 0.07125 0.7533333333333333 0.1425 0.44666666666666666
5 0.97 0.6333333333333333 0.06 0.5366666666666666
5 0.833125 0.6566666666666666 0.23625 0.5916666666666667
7 0.90875 0.5266666666666666 0.1825 0.6033333333333334
7 0.520625 0.2275 0.3275 0.26666666666666666
7 0.623125 0.6783333333333333 0.2925 0.6433333333333333
7 0.721875 0.6591666666666667 0.26125 0.6283333333333333
10 0.435 0.6475 0.1775 0.5716666666666667
11 0.885625 0.9175 0.22875 0.15166666666666667
0 0.293125 0.5575 0.20625 0.2783333333333333
7 0.101875 0.44916666666666666 0.13625 0.155
10 0.355625 0.18083333333333335 0.1475 0.14333333333333334