11 0.84125 0.9375 0.2675 0.125
10 0.173125 0.84 0.34625 0.2833333333333333
10 0.5875 0.3616666666666667 0.3525 0.30666666666666664
8 0.5925 0.8975 0.45 0.205
7 0.916875 0.6558333333333334 0.16625 0.525
7 0.760625 0.7283333333333334 0.38 0.42333333333333334
7 0.7175 0.4241666666666667 0.36 0.36
7 0.8225 0.2825 0.315 0.39166666666666666
1 0.379375 0.245 0.1725 0.15666666666666668
1 0.36875 0.35583333333333333 0.16375 0.18333333333333332
1 0.0975 0.5641666666666667 0.195 0.40166666666666667
0 0.28375 0.525 0.2275 0.2783333333333333
7 0.22125 0.6458333333333334 0.37625 0.2966666666666667
10 0.735625 0.21083333333333334 0.1775 0.15