11 0.205625 0.9033333333333333 0.31125 0.19333333333333333
10 0.4075 0.7858333333333334 0.49625 0.39166666666666666
10 0.251875 0.26166666666666666 0.3225 0.29833333333333334
10 0.254375 0.11583333333333333 0.2725 0.18166666666666667
10 0.505625 0.12583333333333332 0.37375 0.24666666666666667
10 0.585625 0.22333333333333333 0.40375 0.295
7 0.24625 0.6591666666666667 0.305 0.6816666666666666
6 0.54 0.4875 0.505 0.43333333333333335
6 0.74625 0.6383333333333333 0.43125 0.6633333333333333
6 0.91875 0.525 0.1625 0.44333333333333336
6 0.903125 0.26916666666666667 0.17375 0.2733333333333333
0 0.77375 0.3725 0.2975 0.37166666666666665
10 0.63 0.04083333333333333 0.165 0.08166666666666667
8 0.131875 0.6683333333333333 0.26375 0.58