10 0.33 0.1625 0.2 0.15833333333333333
10 0.11625 0.5658333333333333 0.1775 0.44666666666666666
5 0.214375 0.5833333333333334 0.2775 0.565
5 0.341875 0.6933333333333334 0.3975 0.48333333333333334
7 0.45375 0.8841666666666667 0.51 0.23166666666666666
7 0.60125 0.22333333333333333 0.33125 0.2916666666666667
7 0.61875 0.305 0.31625 0.275
6 0.86125 0.775 0.2675 0.45
6 0.525625 0.4625 0.4275 0.305
6 0.59 0.6858333333333333 0.39875 0.4166666666666667
0 0.7275 0.5775 0.225 0.3
11 0.118125 0.8175 0.23375 0.18166666666666667