0 0.71375 0.52 0.181875 0.25583333333333336
1 0.525 0.3958333333333333 0.35375 0.21
1 0.878125 0.62 0.148125 0.3908333333333333
1 0.698125 0.8225 0.41125 0.2825
5 0.190625 0.5991666666666666 0.23 0.5158333333333334
5 0.094375 0.6 0.11375 0.4791666666666667
7 0.401875 0.24083333333333334 0.275625 0.22666666666666666
9 0.530625 0.5641666666666667 0.37875 0.20666666666666667
10 0.404375 0.775 0.405625 0.22916666666666666
10 0.2975 0.18416666666666667 0.18375 0.115
10 0.236875 0.32416666666666666 0.22 0.2525
11 0.171875 0.855 0.245625 0.14166666666666666