6 0.49125 0.3275 0.4475 0.4266666666666667
5 0.88875 0.585 0.21625 0.56
11 0.87125 0.8733333333333333 0.2575 0.17333333333333334
10 0.53125 0.9033333333333333 0.5225 0.19333333333333333
10 0.271875 0.7791666666666667 0.41625 0.40166666666666667
10 0.08 0.6891666666666667 0.16 0.495
10 0.43125 0.41 0.27625 0.6316666666666667
10 0.34625 0.09166666666666666 0.14625 0.12
10 0.703125 0.1125 0.295 0.19
0 0.258125 0.485 0.23625 0.305
10 0.09375 0.43666666666666665 0.11875 0.185
10 0.90875 0.5366666666666666 0.1825 0.44
5 0.751875 0.605 0.3025 0.62