10 0.248125 0.14916666666666667 0.23 0.19333333333333333
10 0.645625 0.115 0.1325 0.13
10 0.521875 0.3516666666666667 0.36875 0.17666666666666667
10 0.389375 0.8841666666666667 0.51125 0.23166666666666666
10 0.45375 0.6075 0.375 0.4533333333333333
10 0.840625 0.6941666666666667 0.14 0.5266666666666666
11 0.1175 0.8708333333333333 0.235 0.16166666666666665
5 0.05375 0.6108333333333333 0.1075 0.5083333333333333
5 0.83375 0.5283333333333333 0.32 0.36666666666666664
4 0.68625 0.7666666666666667 0.40875 0.34833333333333333
4 0.945 0.6541666666666667 0.11 0.5483333333333333
1 0.17 0.5991666666666666 0.22875 0.5116666666666667
0 0.713125 0.5066666666666667 0.22375 0.29