5 0.845625 0.5316666666666666 0.30875 0.64
6 0.380625 0.6883333333333334 0.34375 0.585
6 0.1275 0.7033333333333334 0.255 0.5
6 0.118125 0.595 0.23625 0.42
6 0.505 0.5258333333333334 0.47625 0.3883333333333333
6 0.4775 0.20583333333333334 0.41 0.4116666666666667
6 0.41125 0.17916666666666667 0.3225 0.35833333333333334
6 0.299375 0.1 0.1575 0.17833333333333334
7 0.795 0.11583333333333333 0.2775 0.23166666666666666
11 0.893125 0.8141666666666667 0.21375 0.195
10 0.938125 0.5091666666666667 0.12375 0.49166666666666664