0 0.70875 0.5183333333333333 0.20125 0.25833333333333336
11 0.17 0.8533333333333334 0.2525 0.14333333333333334
7 0.70875 0.7866666666666666 0.468125 0.3675
7 0.305 0.7616666666666667 0.35625 0.2
7 0.3825 0.49083333333333334 0.215625 0.44583333333333336
7 0.304375 0.2991666666666667 0.2975 0.22333333333333333
7 0.4325 0.20416666666666666 0.3075 0.2125
6 0.693125 0.25166666666666665 0.11625 0.3566666666666667
6 0.860625 0.6333333333333333 0.27875 0.2733333333333333
7 0.14625 0.5883333333333334 0.181875 0.5216666666666666
10 0.28375 0.18666666666666668 0.174375 0.11333333333333333
10 0.638125 0.17666666666666667 0.149375 0.12916666666666668
10 0.11625 0.6241666666666666 0.151875 0.30666666666666664