7 0.298125 0.14083333333333334 0.28875 0.2816666666666667
7 0.43625 0.8766666666666667 0.67 0.24666666666666667
6 0.859375 0.635 0.28125 0.43666666666666665
6 0.448125 0.36666666666666664 0.46625 0.2683333333333333
6 0.42625 0.5675 0.51625 0.36833333333333335
6 0.52 0.6391666666666667 0.445 0.42
3 0.610625 0.25583333333333336 0.16 0.31666666666666665
10 0.09125 0.19833333333333333 0.16 0.345
10 0.03875 0.585 0.0775 0.48
5 0.120625 0.5816666666666667 0.22875 0.69
11 0.076875 0.8641666666666666 0.15375 0.17833333333333334
0 0.666875 0.5016666666666667 0.23625 0.30333333333333334