7 0.5025 0.39916666666666667 0.3325 0.47
7 0.66 0.2825 0.14875 0.40166666666666667
7 0.680625 0.7533333333333333 0.32375 0.49333333333333335
7 0.381875 0.7183333333333334 0.39625 0.5633333333333334
5 0.075625 0.5658333333333333 0.15125 0.44166666666666665
11 0.114375 0.8066666666666666 0.22875 0.19333333333333333
10 0.27125 0.6475 0.245 0.5783333333333334
10 0.178125 0.5333333333333333 0.2525 0.505
10 0.475 0.2725 0.31 0.21166666666666667
4 0.28125 0.15166666666666667 0.15625 0.19166666666666668
9 0.8425 0.7408333333333333 0.25875 0.435
0 0.696875 0.57 0.23875 0.32