10 0.619375 0.86 0.52625 0.28
11 0.171875 0.9225 0.27125 0.155
0 0.730625 0.43833333333333335 0.2575 0.37333333333333335
7 0.896875 0.6408333333333334 0.20625 0.4483333333333333
6 0.89375 0.35 0.2125 0.30666666666666664
7 0.9525 0.47333333333333333 0.095 0.39666666666666667
6 0.54875 0.5241666666666667 0.4125 0.525
7 0.5025 0.0925 0.33 0.185
7 0.10375 0.2708333333333333 0.2075 0.425
5 0.143125 0.6433333333333333 0.28625 0.6066666666666667
10 0.19 0.36916666666666664 0.27375 0.36
9 0.538125 0.255 0.3775 0.285
1 0.359375 0.675 0.39875 0.65