10 0.515625 0.8175 0.49125 0.365
10 0.915 0.5058333333333334 0.17 0.37833333333333335
10 0.864375 0.7266666666666667 0.27125 0.39666666666666667
10 0.266875 0.6741666666666667 0.23875 0.5066666666666667
1 0.170625 0.6775 0.1975 0.515
10 0.276875 0.3125 0.24875 0.25
10 0.333125 0.195 0.14125 0.20166666666666666
6 0.57625 0.33166666666666667 0.4275 0.435
10 0.599375 0.20916666666666667 0.29125 0.19666666666666666
10 0.68875 0.06583333333333333 0.1075 0.10333333333333333
4 0.434375 0.5283333333333333 0.3975 0.46
0 0.79 0.45166666666666666 0.245 0.3333333333333333
11 0.2325 0.915 0.29 0.17