11 0.84 0.9491666666666667 0.2275 0.10166666666666667
0 0.309375 0.5075 0.2425 0.335
7 0.6125 0.8308333333333333 0.5125 0.3383333333333333
7 0.295 0.8533333333333334 0.55 0.29333333333333333
4 0.915 0.6883333333333334 0.17 0.42333333333333334
10 0.7425 0.7241666666666666 0.415 0.44
10 0.46375 0.5675 0.395 0.5516666666666666
10 0.085625 0.6516666666666666 0.17125 0.47
10 0.1475 0.43583333333333335 0.11875 0.215
10 0.58375 0.30583333333333335 0.39875 0.28833333333333333
10 0.44125 0.20416666666666666 0.1875 0.25333333333333335
10 0.819375 0.24333333333333335 0.21375 0.205
10 0.870625 0.3883333333333333 0.19875 0.31833333333333336