11 0.896875 0.7416666666666667 0.20625 0.20666666666666667
10 0.540625 0.3575 0.335 0.47
10 0.531875 0.5358333333333334 0.3625 0.5033333333333333
10 0.474375 0.8575 0.44625 0.285
10 0.37375 0.7191666666666666 0.48625 0.3983333333333333
0 0.305 0.5716666666666667 0.24875 0.30666666666666664
10 0.1775 0.77 0.225 0.46
1 0.323125 0.3233333333333333 0.205 0.3233333333333333
7 0.736875 0.615 0.2975 0.6033333333333334
7 0.918125 0.43833333333333335 0.16375 0.5
7 0.693125 0.13833333333333334 0.27625 0.27666666666666667
7 0.235625 0.1575 0.14625 0.16833333333333333
5 0.85375 0.5316666666666666 0.24375 0.5766666666666667