10 0.675625 0.175 0.15375 0.12833333333333333
10 0.6525 0.3308333333333333 0.1825 0.20166666666666666
8 0.10125 0.5725 0.17375 0.44666666666666666
11 0.128125 0.8008333333333333 0.25625 0.18666666666666668
5 0.245 0.5933333333333334 0.245 0.58
5 0.15375 0.5483333333333333 0.20375 0.5583333333333333
7 0.424375 0.22666666666666666 0.335 0.275
6 0.86875 0.7 0.2625 0.43
6 0.89375 0.5408333333333334 0.2125 0.255
6 0.520625 0.4141666666666667 0.39125 0.2916666666666667
6 0.5 0.5816666666666667 0.43125 0.34833333333333333
6 0.586875 0.7208333333333333 0.38625 0.555
6 0.845 0.7458333333333333 0.2775 0.45166666666666666