7 0.75125 0.8425 0.48 0.315
7 0.439375 0.10916666666666666 0.32625 0.21833333333333332
5 0.205 0.6325 0.3225 0.505
5 0.406875 0.7966666666666666 0.49 0.3466666666666667
4 0.285 0.17833333333333334 0.16625 0.25666666666666665
4 0.088125 0.5716666666666667 0.17625 0.45
10 0.695625 0.14916666666666667 0.16875 0.13333333333333333
10 0.71125 0.22166666666666668 0.135 0.145
10 0.614375 0.43416666666666665 0.285 0.38333333333333336
10 0.495 0.2825 0.3425 0.22666666666666666
11 0.143125 0.8725 0.2675 0.17333333333333334
0 0.743125 0.5283333333333333 0.225 0.2683333333333333
1 0.91375 0.7116666666666667 0.1725 0.49
1 0.674375 0.7191666666666666 0.44875 0.39666666666666667