4 0.805 0.10666666666666667 0.16125 0.21
6 0.154375 0.7516666666666667 0.30875 0.49666666666666665
6 0.129375 0.6241666666666666 0.25875 0.35833333333333334
6 0.489375 0.5541666666666667 0.36 0.48833333333333334
6 0.455 0.7283333333333334 0.3825 0.5433333333333333
5 0.78125 0.6333333333333333 0.37375 0.6133333333333333
5 0.88125 0.5933333333333334 0.2375 0.5233333333333333
7 0.935 0.49416666666666664 0.13 0.5616666666666666
7 0.304375 0.08333333333333333 0.1475 0.135
7 0.49875 0.19166666666666668 0.3625 0.36666666666666664
11 0.90875 0.8483333333333334 0.1825 0.19333333333333333
0 0.311875 0.5291666666666667 0.245 0.3016666666666667