9 0.89125 0.7683333333333333 0.215 0.4633333333333333
9 0.8425 0.7916666666666666 0.29 0.4166666666666667
10 0.49 0.7925 0.545 0.415
10 0.2325 0.21333333333333335 0.2425 0.4266666666666667
10 0.206875 0.42583333333333334 0.34625 0.39666666666666667
10 0.966875 0.5675 0.06625 0.16833333333333333
5 0.215 0.575 0.28625 0.695
6 0.55125 0.53 0.55875 0.44
7 0.64875 0.24 0.41 0.47
7 0.82 0.15916666666666668 0.125 0.18
4 0.4225 0.20083333333333334 0.225 0.3
0 0.7925 0.59 0.27 0.36666666666666664
11 0.12625 0.8033333333333333 0.2525 0.24333333333333335