0 0.28375 0.4891666666666667 0.2125 0.2916666666666667
11 0.79375 0.905 0.2725 0.19
10 0.6175 0.4666666666666667 0.23 0.4533333333333333
10 0.41 0.3408333333333333 0.25 0.2
10 0.48125 0.25583333333333336 0.3175 0.22166666666666668
10 0.40125 0.13666666666666666 0.1425 0.11666666666666667
10 0.705 0.225 0.21 0.18166666666666667
10 0.81125 0.33916666666666667 0.155 0.305
10 0.883125 0.68 0.12375 0.37666666666666665
5 0.79625 0.6741666666666667 0.21 0.5183333333333333
6 0.135625 0.635 0.27125 0.47
7 0.0975 0.505 0.195 0.3933333333333333
4 0.51 0.8466666666666667 0.415 0.30666666666666664