0 0.7475 0.5933333333333334 0.24125 0.32166666666666666
11 0.138125 0.86 0.27625 0.20333333333333334
10 0.444375 0.8725 0.47625 0.255
10 0.61625 0.6158333333333333 0.31125 0.5433333333333333
10 0.868125 0.7866666666666666 0.25125 0.4266666666666667
10 0.94125 0.5625 0.1175 0.16833333333333333
10 0.704375 0.2633333333333333 0.1875 0.24166666666666667
10 0.54375 0.3025 0.36625 0.245
1 0.30875 0.6475 0.395 0.5133333333333333
7 0.29875 0.43166666666666664 0.4175 0.4766666666666667
7 0.290625 0.2525 0.275 0.33666666666666667
10 0.339375 0.15083333333333335 0.1925 0.14666666666666667