7 0.536875 0.5233333333333333 0.555 0.4716666666666667
5 0.13625 0.6266666666666667 0.2725 0.52
11 0.155625 0.8941666666666667 0.26625 0.21166666666666667
10 0.351875 0.76 0.4825 0.315
10 0.8375 0.6308333333333334 0.325 0.3983333333333333
10 0.91625 0.43166666666666664 0.1675 0.37666666666666665
10 0.599375 0.2866666666666667 0.32375 0.33166666666666667
10 0.474375 0.17 0.3825 0.25333333333333335
10 0.225 0.10666666666666667 0.2725 0.17666666666666667
10 0.3175 0.30083333333333334 0.37625 0.2683333333333333
10 0.125625 0.3225 0.25125 0.43166666666666664
0 0.74125 0.4025 0.25375 0.32166666666666666
4 0.646875 0.07416666666666667 0.17875 0.14833333333333334