4 0.59375 0.7808333333333334 0.351875 0.36833333333333335
4 0.8675 0.7841666666666667 0.23875 0.22083333333333333
4 0.123125 0.5216666666666666 0.161875 0.305
4 0.220625 0.2791666666666667 0.135625 0.2225
7 0.488125 0.24583333333333332 0.265 0.21583333333333332
7 0.34625 0.2875 0.131875 0.30333333333333334
7 0.629375 0.6141666666666666 0.365 0.375
10 0.57375 0.4075 0.263125 0.245
7 0.269375 0.43416666666666665 0.13375 0.4091666666666667
10 0.171875 0.6375 0.11875 0.37666666666666665
11 0.1725 0.8566666666666667 0.23875 0.14083333333333334
0 0.7175 0.5066666666666667 0.18 0.22166666666666668
10 0.66375 0.18166666666666667 0.069375 0.08416666666666667
4 0.848125 0.6225 0.25875 0.42