10 0.51 0.2941666666666667 0.295625 0.185
10 0.62375 0.15083333333333335 0.108125 0.12
10 0.163125 0.5783333333333334 0.1525 0.385
10 0.21625 0.3375 0.095 0.2941666666666667
10 0.68375 0.8433333333333334 0.439375 0.23083333333333333
7 0.776875 0.6533333333333333 0.33125 0.4116666666666667
10 0.889375 0.6416666666666667 0.175 0.4033333333333333
11 0.173125 0.85 0.243125 0.14333333333333334
0 0.7075 0.5158333333333334 0.198125 0.2633333333333333
5 0.263125 0.7041666666666667 0.315625 0.285
7 0.5325 0.5775 0.26 0.465
7 0.295 0.36833333333333335 0.193125 0.375
7 0.286875 0.13833333333333334 0.210625 0.18083333333333335
6 0.696875 0.24916666666666668 0.083125 0.3333333333333333