10 0.48 0.855 0.445 0.29
10 0.158125 0.7091666666666666 0.31625 0.485
10 0.48625 0.30083333333333334 0.36625 0.2733333333333333
10 0.346875 0.1875 0.15 0.3516666666666667
11 0.799375 0.9116666666666666 0.27625 0.17666666666666667
0 0.246875 0.4633333333333333 0.22125 0.27166666666666667
7 0.48625 0.3933333333333333 0.3 0.48
7 0.249375 0.6258333333333334 0.3675 0.25666666666666665
7 0.701875 0.21333333333333335 0.29875 0.34
5 0.734375 0.67 0.2575 0.6183333333333333
7 0.860625 0.5783333333333334 0.19375 0.45166666666666666
4 0.825 0.6808333333333333 0.235 0.43
4 0.695 0.35 0.17625 0.36