0 0.715625 0.5141666666666667 0.2375 0.305
11 0.133125 0.9175 0.24875 0.165
7 0.72375 0.7983333333333333 0.5425 0.4033333333333333
7 0.2625 0.8116666666666666 0.4125 0.24666666666666667
7 0.34375 0.49916666666666665 0.25875 0.52
7 0.24875 0.285 0.34625 0.27
7 0.391875 0.17 0.35625 0.25833333333333336
6 0.69 0.21083333333333334 0.1425 0.4116666666666667
6 0.865 0.6366666666666667 0.27 0.3233333333333333
7 0.09375 0.6216666666666667 0.1875 0.6033333333333334
10 0.221875 0.15833333333333333 0.2025 0.13833333333333334
10 0.625625 0.1275 0.17375 0.155
10 0.066875 0.6625 0.13375 0.355