10 0.814375 0.8633333333333333 0.29375 0.2733333333333333
11 0.113125 0.8158333333333333 0.22625 0.21166666666666667
0 0.756875 0.64 0.27125 0.37166666666666665
1 0.916875 0.6891666666666667 0.16625 0.31833333333333336
7 0.4625 0.8041666666666667 0.4925 0.39166666666666666
7 0.51875 0.5333333333333333 0.45875 0.47833333333333333
7 0.56875 0.3225 0.30375 0.52
7 0.261875 0.23833333333333334 0.25375 0.4766666666666667
7 0.365625 0.09416666666666666 0.30625 0.18833333333333332
7 0.18375 0.1425 0.175 0.285
7 0.101875 0.4083333333333333 0.20375 0.47333333333333333
5 0.1225 0.575 0.245 0.5266666666666666
5 0.301875 0.7183333333333334 0.475 0.5266666666666666
7 0.75125 0.31166666666666665 0.175 0.22