11 0.84 0.9066666666666666 0.245 0.18666666666666668
0 0.299375 0.42083333333333334 0.24875 0.35333333333333333
7 0.66875 0.7958333333333333 0.52 0.4083333333333333
6 0.479375 0.57 0.4325 0.4666666666666667
6 0.32375 0.665 0.295 0.5833333333333334
6 0.140625 0.5583333333333333 0.28125 0.49
6 0.131875 0.43333333333333335 0.26375 0.37333333333333335
7 0.6225 0.3433333333333333 0.2925 0.505
7 0.500625 0.22333333333333333 0.30875 0.44666666666666666
5 0.85125 0.64 0.2975 0.5466666666666666
10 0.883125 0.3458333333333333 0.23375 0.375
10 0.8 0.13833333333333334 0.265 0.2