0 0.719375 0.465 0.23125 0.31166666666666665
1 0.5325 0.26166666666666666 0.36 0.3016666666666667
10 0.625625 0.11 0.09125 0.095
1 0.31375 0.25 0.165 0.25833333333333336
1 0.2475 0.325 0.23 0.25666666666666665
4 0.344375 0.6508333333333334 0.32625 0.4666666666666667
10 0.370625 0.5658333333333333 0.36125 0.4266666666666667
10 0.18875 0.68 0.2075 0.45666666666666667
1 0.12875 0.6516666666666666 0.17 0.47833333333333333
11 0.200625 0.9066666666666666 0.26625 0.18666666666666668
1 0.504375 0.8266666666666667 0.4525 0.34
1 0.853125 0.49333333333333335 0.2325 0.39166666666666666
10 0.836875 0.7058333333333333 0.32625 0.3883333333333333