11 0.174375 0.855 0.246875 0.1375
5 0.190625 0.6441666666666667 0.284375 0.3225
1 0.2175 0.4225 0.245625 0.31333333333333335
10 0.49125 0.4091666666666667 0.315625 0.23916666666666667
10 0.5325 0.29833333333333334 0.343125 0.1975
10 0.638125 0.17166666666666666 0.12875 0.10833333333333334
1 0.306875 0.21583333333333332 0.21125 0.1725
4 0.19625 0.305 0.169375 0.22083333333333333
10 0.531875 0.7183333333333334 0.444375 0.3466666666666667
10 0.8075 0.8525 0.336875 0.18666666666666668
1 0.880625 0.6033333333333334 0.15625 0.3416666666666667
0 0.71375 0.5116666666666667 0.19125 0.24166666666666667
10 0.840625 0.4725 0.07375 0.11416666666666667