10 0.819375 0.7466666666666667 0.295 0.2575
10 0.74 0.8625 0.3675 0.20166666666666666
10 0.419375 0.28 0.26875 0.175
10 0.60625 0.2575 0.156875 0.15166666666666667
10 0.67125 0.1525 0.18125 0.08333333333333333
10 0.869375 0.46 0.098125 0.10916666666666666
10 0.2725 0.29833333333333334 0.186875 0.2425
11 0.17 0.8533333333333334 0.245625 0.145
0 0.705625 0.5141666666666667 0.19875 0.2575
5 0.280625 0.6766666666666666 0.319375 0.36583333333333334
7 0.26875 0.4708333333333333 0.313125 0.3016666666666667
7 0.185 0.285 0.168125 0.23083333333333333
4 0.373125 0.8341666666666666 0.388125 0.2658333333333333