4 0.300625 0.6941666666666667 0.2625 0.515
1 0.151875 0.6 0.18875 0.55
10 0.071875 0.6308333333333334 0.14375 0.48833333333333334
0 0.285625 0.5116666666666667 0.21875 0.29
1 0.43375 0.32 0.3525 0.26166666666666666
10 0.393125 0.18333333333333332 0.19375 0.16
1 0.673125 0.27166666666666667 0.1825 0.2633333333333333
10 0.78125 0.36083333333333334 0.15875 0.26166666666666666
10 0.7975 0.6675 0.2425 0.43833333333333335
10 0.874375 0.605 0.155 0.4083333333333333
10 0.513125 0.8233333333333334 0.43875 0.35333333333333333
11 0.82125 0.9033333333333333 0.25875 0.17