11 0.11875 0.9258333333333333 0.2375 0.14833333333333334
10 0.205625 0.71 0.185 0.5466666666666666
10 0.095625 0.7 0.1625 0.44333333333333336
7 0.563125 0.26916666666666667 0.2525 0.34
10 0.61625 0.3641666666666667 0.1525 0.21666666666666667
10 0.8125 0.9133333333333333 0.3725 0.17333333333333334
9 0.8775 0.6758333333333333 0.23 0.36666666666666664
4 0.9225 0.47833333333333333 0.11 0.20333333333333334
7 0.5125 0.09583333333333334 0.3075 0.15
7 0.246875 0.22916666666666666 0.24875 0.3016666666666667
10 0.1475 0.3641666666666667 0.185 0.335
0 0.70125 0.5616666666666666 0.21875 0.3