0 0.225625 0.4741666666666667 0.2375 0.315
1 0.0925 0.5216666666666666 0.185 0.4266666666666667
1 0.725 0.25583333333333336 0.175 0.33166666666666667
10 0.128125 0.7591666666666667 0.25625 0.3883333333333333
10 0.46625 0.8425 0.5175 0.315
10 0.779375 0.6275 0.17625 0.505
10 0.883125 0.5275 0.1625 0.5083333333333333
1 0.645 0.18166666666666667 0.1825 0.28
10 0.325 0.10833333333333334 0.2175 0.185
10 0.399375 0.23916666666666667 0.34875 0.25666666666666665
7 0.845625 0.3258333333333333 0.1975 0.3883333333333333
11 0.838125 0.8916666666666667 0.28125 0.17666666666666667