4 0.20375 0.2775 0.23375 0.31166666666666665
5 0.20625 0.56 0.28125 0.6066666666666667
7 0.074375 0.45 0.14875 0.5533333333333333
7 0.87875 0.7441666666666666 0.2425 0.5116666666666667
0 0.7425 0.5583333333333333 0.26625 0.37166666666666665
11 0.114375 0.78 0.22875 0.24333333333333335
10 0.509375 0.5425 0.43625 0.425
10 0.53375 0.315 0.42875 0.30666666666666664
10 0.41875 0.22166666666666668 0.4075 0.3433333333333333
10 0.755625 0.25666666666666665 0.14875 0.33166666666666667
7 0.365 0.0725 0.27 0.145
1 0.89875 0.7425 0.2025 0.515