6 0.443125 0.6416666666666667 0.51625 0.5666666666666667
6 0.155625 0.7416666666666667 0.31125 0.5166666666666667
6 0.09 0.6166666666666667 0.18 0.37666666666666665
7 0.414375 0.29333333333333333 0.465 0.435
7 0.239375 0.20333333333333334 0.175 0.3233333333333333
5 0.893125 0.4791666666666667 0.21375 0.5616666666666666
11 0.86125 0.7933333333333333 0.2775 0.23333333333333334
0 0.214375 0.5825 0.225 0.30333333333333334
1 0.751875 0.6341666666666667 0.3125 0.5833333333333334
10 0.65 0.18166666666666667 0.2325 0.3283333333333333
10 0.74375 0.175 0.20625 0.33166666666666667