11 0.244375 0.92 0.26125 0.16
10 0.290625 0.84 0.36375 0.32
10 0.2025 0.37333333333333335 0.17125 0.31333333333333335
7 0.3 0.42583333333333334 0.32125 0.33166666666666667
7 0.49 0.265 0.39125 0.335
7 0.5925 0.1325 0.155 0.24666666666666667
7 0.485625 0.455 0.4475 0.4083333333333333
6 0.55875 0.6608333333333334 0.4425 0.5483333333333333
6 0.68125 0.665 0.31625 0.49833333333333335
6 0.864375 0.4816666666666667 0.27125 0.2833333333333333
10 0.858125 0.5916666666666667 0.28375 0.36
0 0.7225 0.4325 0.23 0.2916666666666667
6 0.82375 0.3475 0.16 0.20166666666666666