0 0.285625 0.505 0.20625 0.28
10 0.065625 0.6808333333333333 0.13125 0.41833333333333333
1 0.446875 0.2941666666666667 0.285 0.24333333333333335
7 0.896875 0.57 0.19375 0.5233333333333333
7 0.690625 0.7233333333333334 0.35 0.4766666666666667
3 0.3975 0.7275 0.31 0.485
6 0.15375 0.49666666666666665 0.1525 0.215
7 0.503125 0.3433333333333333 0.13875 0.5
7 0.436875 0.1125 0.26375 0.225
7 0.261875 0.07833333333333334 0.19375 0.15
7 0.6425 0.1975 0.3225 0.395
7 0.738125 0.18083333333333335 0.28 0.30666666666666664
11 0.85375 0.8391666666666666 0.25625 0.16