1 0.454375 0.30083333333333334 0.26125 0.2683333333333333
1 0.38875 0.1975 0.17375 0.23
0 0.29125 0.49583333333333335 0.20875 0.2816666666666667
11 0.81125 0.8841666666666667 0.25 0.16
10 0.4075 0.81 0.4225 0.33166666666666667
1 0.471875 0.5041666666666667 0.34125 0.44166666666666665
10 0.1725 0.6708333333333333 0.1675 0.4716666666666667
10 0.085625 0.6108333333333333 0.15875 0.47
10 0.64875 0.28833333333333333 0.2625 0.21
10 0.815 0.3308333333333333 0.1175 0.2733333333333333
5 0.715 0.6383333333333333 0.22375 0.5566666666666666
10 0.801875 0.6275 0.1975 0.47
10 0.884375 0.6508333333333334 0.1675 0.44