5 0.755 0.5883333333333334 0.26875 0.5833333333333334
10 0.863125 0.48583333333333334 0.21625 0.49833333333333335
7 0.1775 0.6966666666666667 0.27875 0.3933333333333333
4 0.635 0.31916666666666665 0.25625 0.38
7 0.65 0.18083333333333335 0.29875 0.335
11 0.8725 0.8016666666666666 0.255 0.21666666666666667
10 0.568125 0.8475 0.43875 0.305
10 0.235625 0.8133333333333334 0.34875 0.37333333333333335
10 0.455625 0.4866666666666667 0.35875 0.44333333333333336
10 0.458125 0.33666666666666667 0.3375 0.3
10 0.311875 0.2941666666666667 0.1625 0.3466666666666667
0 0.270625 0.6083333333333333 0.2325 0.3283333333333333
8 0.845625 0.6175 0.18625 0.46