10 0.518125 0.8891666666666667 0.405625 0.15166666666666667
10 0.3725 0.3458333333333333 0.30625 0.24416666666666667
10 0.285625 0.24416666666666667 0.235625 0.19333333333333333
10 0.305625 0.1825 0.22375 0.10833333333333334
1 0.620625 0.2125 0.144375 0.18583333333333332
10 0.5775 0.5775 0.159375 0.48833333333333334
0 0.718125 0.5208333333333334 0.180625 0.2608333333333333
3 0.8825 0.61 0.180625 0.3466666666666667
7 0.2025 0.6233333333333333 0.29625 0.3566666666666667
11 0.173125 0.8558333333333333 0.241875 0.14
10 0.14375 0.5058333333333334 0.169375 0.38083333333333336
1 0.680625 0.2725 0.083125 0.15083333333333335
5 0.3675 0.7883333333333333 0.3775 0.20916666666666667