11 0.17125 0.8566666666666667 0.256875 0.14583333333333334
7 0.409375 0.7533333333333333 0.479375 0.2775
6 0.50125 0.5533333333333333 0.42375 0.2525
6 0.686875 0.7308333333333333 0.201875 0.49083333333333334
6 0.869375 0.6933333333333334 0.225625 0.4
6 0.858125 0.44916666666666666 0.184375 0.20083333333333334
6 0.5775 0.26166666666666666 0.260625 0.3308333333333333
6 0.5125 0.37833333333333335 0.368125 0.19166666666666668
5 0.25125 0.6216666666666667 0.2075 0.5241666666666667
5 0.1325 0.6183333333333333 0.12 0.4716666666666667
10 0.145625 0.56 0.161875 0.4241666666666667