5 0.339375 0.74 0.43625 0.37166666666666665
5 0.2475 0.5991666666666666 0.37625 0.495
5 0.163125 0.49916666666666665 0.30125 0.5483333333333333
11 0.121875 0.7458333333333333 0.24375 0.21166666666666667
1 0.350625 0.185 0.26625 0.23666666666666666
1 0.309375 0.295 0.3 0.25666666666666665
1 0.65 0.3516666666666667 0.255 0.32666666666666666
1 0.840625 0.7866666666666666 0.24375 0.4266666666666667
1 0.6575 0.7825 0.4325 0.435
10 0.86125 0.5925 0.16875 0.22666666666666666
10 0.693125 0.2025 0.1575 0.15
0 0.699375 0.5708333333333333 0.23375 0.3