7 0.471875 0.3258333333333333 0.30375 0.5
0 0.73625 0.48333333333333334 0.2175 0.28833333333333333
10 0.85 0.7583333333333333 0.29 0.355
10 0.505625 0.8425 0.47 0.27166666666666667
10 0.1825 0.6033333333333334 0.20875 0.46
1 0.3325 0.19 0.15375 0.23333333333333334
10 0.555 0.25666666666666665 0.315 0.215
10 0.638125 0.13666666666666666 0.15 0.16166666666666665
10 0.26875 0.29083333333333333 0.22125 0.25333333333333335
1 0.10875 0.5833333333333334 0.14875 0.47833333333333333
1 0.875 0.5391666666666667 0.19875 0.38666666666666666
11 0.151875 0.8608333333333333 0.26625 0.16166666666666665