0 0.291875 0.5233333333333333 0.20125 0.265
10 0.50125 0.3491666666666667 0.3275 0.265
1 0.31375 0.1825 0.20875 0.14833333333333334
10 0.515625 0.7233333333333334 0.2575 0.49
1 0.6675 0.6225 0.28875 0.47333333333333333
1 0.800625 0.6366666666666667 0.245 0.425
1 0.888125 0.6016666666666667 0.17 0.44166666666666665
1 0.72875 0.30416666666666664 0.235 0.2966666666666667
10 0.688125 0.16666666666666666 0.22625 0.11166666666666666
1 0.77625 0.3225 0.1675 0.26
10 0.114375 0.6533333333333333 0.1775 0.48333333333333334
4 0.189375 0.8483333333333334 0.21375 0.24666666666666667
11 0.850625 0.8525 0.2525 0.15666666666666668