5 0.23 0.635 0.17 0.5566666666666666
7 0.290625 0.17083333333333334 0.2 0.21833333333333332
7 0.585 0.26 0.2475 0.2425
6 0.52625 0.3591666666666667 0.3625 0.22833333333333333
6 0.895 0.6158333333333333 0.21 0.345
6 0.4725 0.5925 0.488125 0.32666666666666666
6 0.596875 0.7358333333333333 0.345625 0.4841666666666667
4 0.77875 0.6883333333333334 0.199375 0.4975
0 0.720625 0.5141666666666667 0.186875 0.25083333333333335
11 0.171875 0.855 0.24375 0.14416666666666667
10 0.16625 0.5075 0.17125 0.43666666666666665