10 0.71125 0.8416666666666667 0.4275 0.24666666666666667
10 0.24375 0.16666666666666666 0.225 0.20333333333333334
11 0.12 0.8508333333333333 0.24 0.14666666666666667
7 0.7675 0.5825 0.31 0.38666666666666666
0 0.699375 0.47833333333333333 0.2075 0.24333333333333335
4 0.528125 0.6475 0.39375 0.445
4 0.850625 0.6425 0.2175 0.3
7 0.529375 0.19666666666666666 0.3125 0.24833333333333332
10 0.55625 0.24166666666666667 0.17375 0.16833333333333333
10 0.638125 0.11 0.15 0.09333333333333334
7 0.2475 0.6116666666666667 0.2425 0.6466666666666666
5 0.065625 0.575 0.13125 0.5366666666666666
10 0.63625 0.29333333333333333 0.11375 0.15333333333333332