1 0.65125 0.5208333333333334 0.45 0.565
10 0.7625 0.9091666666666667 0.3475 0.18166666666666667
1 0.82375 0.7516666666666667 0.32 0.49666666666666665
10 0.67375 0.2891666666666667 0.31375 0.235
10 0.111875 0.4558333333333333 0.22375 0.5083333333333333
10 0.400625 0.7641666666666667 0.52125 0.4716666666666667
10 0.46125 0.2625 0.28 0.32166666666666666
4 0.416875 0.08333333333333333 0.21125 0.16666666666666666
4 0.303125 0.1125 0.17375 0.225
4 0.268125 0.29833333333333334 0.33125 0.3466666666666667
0 0.74 0.5875 0.26125 0.3516666666666667
11 0.116875 0.7516666666666667 0.23375 0.24333333333333335
10 0.726875 0.20333333333333334 0.16125 0.15666666666666668