5 0.3025 0.6925 0.334375 0.33166666666666667
5 0.1775 0.6491666666666667 0.195625 0.38
7 0.134375 0.6058333333333333 0.175 0.375
6 0.530625 0.36833333333333335 0.373125 0.21083333333333334
7 0.4925 0.21 0.286875 0.20583333333333334
7 0.210625 0.335 0.12625 0.37416666666666665
4 0.61625 0.8075 0.37625 0.29833333333333334
4 0.900625 0.7508333333333334 0.19875 0.28583333333333333
10 0.834375 0.5641666666666667 0.18625 0.39666666666666667
10 0.675 0.16333333333333333 0.08875 0.09666666666666666
4 0.2875 0.2825 0.11125 0.21583333333333332
0 0.713125 0.5258333333333334 0.193125 0.2608333333333333
11 0.173125 0.8558333333333333 0.24 0.14083333333333334