0 0.705625 0.5425 0.22125 0.29333333333333333
1 0.60625 0.8325 0.45 0.335
1 0.3525 0.2991666666666667 0.34625 0.345
4 0.50875 0.6466666666666666 0.3525 0.41
1 0.875625 0.5733333333333334 0.16375 0.25166666666666665
11 0.128125 0.8008333333333333 0.25625 0.185
10 0.30875 0.155 0.21625 0.19833333333333333
10 0.805625 0.77 0.33625 0.37
5 0.255625 0.5983333333333334 0.265 0.5666666666666667
5 0.136875 0.5416666666666666 0.21125 0.5233333333333333
7 0.645 0.3025 0.1775 0.275
7 0.601875 0.21333333333333335 0.265 0.24666666666666667