10 0.4775 0.31916666666666665 0.3575 0.25666666666666665
10 0.665625 0.15916666666666668 0.145 0.12666666666666668
10 0.904375 0.565 0.14625 0.31166666666666665
10 0.696875 0.72 0.41125 0.27166666666666667
10 0.468125 0.8425 0.43875 0.31333333333333335
11 0.139375 0.8541666666666666 0.27 0.16833333333333333
0 0.72125 0.525 0.21625 0.26166666666666666
7 0.115 0.41583333333333333 0.23 0.495
5 0.15375 0.5958333333333333 0.305 0.48
5 0.271875 0.6891666666666667 0.35375 0.4166666666666667
1 0.299375 0.18 0.21625 0.18666666666666668
1 0.79625 0.835 0.3525 0.33
7 0.68875 0.3375 0.12375 0.215