10 0.403125 0.8766666666666667 0.43125 0.24666666666666667
10 0.64375 0.3933333333333333 0.34875 0.3383333333333333
10 0.7475 0.31833333333333336 0.26875 0.265
10 0.73875 0.25083333333333335 0.2425 0.17666666666666667
1 0.418125 0.18416666666666667 0.17625 0.23
10 0.398125 0.5625 0.24375 0.5366666666666666
0 0.2675 0.4625 0.225 0.31666666666666665
3 0.10375 0.5008333333333334 0.2075 0.40166666666666667
7 0.765625 0.7233333333333334 0.3575 0.4483333333333333
11 0.754375 0.9291666666666667 0.26625 0.14166666666666666
10 0.84375 0.625 0.235 0.43333333333333335
1 0.3475 0.22583333333333333 0.10875 0.175
5 0.571875 0.8375 0.41375 0.325