7 0.374375 0.24166666666666667 0.28125 0.29
7 0.598125 0.865 0.62875 0.27
6 0.905 0.5666666666666667 0.19 0.4166666666666667
6 0.54125 0.4125 0.4425 0.2966666666666667
6 0.5475 0.6008333333333333 0.495 0.3933333333333333
6 0.6425 0.6433333333333333 0.4325 0.43166666666666664
3 0.674375 0.2733333333333333 0.16625 0.30666666666666664
10 0.194375 0.3433333333333333 0.1675 0.3333333333333333
10 0.16375 0.7141666666666666 0.17 0.46
5 0.271875 0.6783333333333333 0.25125 0.6433333333333333
11 0.2125 0.9316666666666666 0.265 0.13666666666666666
0 0.7575 0.48333333333333334 0.235 0.3016666666666667