11 0.081875 0.7625 0.16375 0.225
10 0.42125 0.845 0.565 0.31
10 0.124375 0.5066666666666667 0.24875 0.58
8 0.065 0.4816666666666667 0.13 0.5233333333333333
7 0.59875 0.6741666666666667 0.495 0.5716666666666667
7 0.8825 0.7183333333333334 0.235 0.51
7 0.315625 0.25 0.3925 0.37333333333333335
7 0.29125 0.08416666666666667 0.1775 0.16833333333333333
7 0.72875 0.14 0.26375 0.23166666666666666
7 0.129375 0.13833333333333334 0.16125 0.27666666666666667
4 0.205 0.059166666666666666 0.1125 0.11833333333333333
6 0.56875 0.235 0.3825 0.47
0 0.695 0.5383333333333333 0.265 0.38