11 0.169375 0.8566666666666667 0.23875 0.13416666666666666
0 0.705 0.51 0.195 0.24583333333333332
1 0.665 0.7466666666666667 0.450625 0.3675
1 0.884375 0.6033333333333334 0.145 0.4041666666666667
4 0.420625 0.5491666666666667 0.32125 0.2775
4 0.386875 0.345 0.31125 0.26166666666666666
4 0.53625 0.27 0.256875 0.2575
4 0.249375 0.2758333333333333 0.18 0.31083333333333335
4 0.143125 0.7258333333333333 0.215 0.21416666666666667
5 0.255 0.605 0.228125 0.5616666666666666
10 0.68 0.23583333333333334 0.079375 0.11083333333333334
10 0.668125 0.34833333333333333 0.09375 0.11083333333333334
7 0.41625 0.855 0.440625 0.2025
10 0.34625 0.23916666666666667 0.21 0.1375