10 0.40125 0.7708333333333334 0.46125 0.36666666666666664
10 0.914375 0.5633333333333334 0.17125 0.3333333333333333
10 0.123125 0.49 0.24625 0.52
11 0.109375 0.7816666666666666 0.21875 0.20333333333333334
0 0.723125 0.5166666666666667 0.24375 0.33
1 0.564375 0.23416666666666666 0.32125 0.37833333333333335
1 0.6225 0.36666666666666664 0.30875 0.4
1 0.79 0.81 0.39 0.38
1 0.431875 0.5558333333333333 0.435 0.31833333333333336
4 0.158125 0.11166666666666666 0.19875 0.22333333333333333
7 0.286875 0.13333333333333333 0.19125 0.26666666666666666
5 0.2125 0.5258333333333334 0.36 0.68
4 0.095 0.3516666666666667 0.19 0.33666666666666667