0 0.725625 0.5666666666666667 0.25375 0.3383333333333333
1 0.594375 0.8266666666666667 0.49875 0.3466666666666667
1 0.37 0.25666666666666665 0.38875 0.41
4 0.5075 0.6483333333333333 0.40125 0.48
1 0.90375 0.6241666666666666 0.1925 0.285
11 0.114375 0.7558333333333334 0.22875 0.23166666666666666
10 0.335625 0.1075 0.24125 0.215
10 0.800625 0.8033333333333333 0.35625 0.3933333333333333
5 0.24125 0.5591666666666667 0.32375 0.6283333333333333
5 0.125625 0.48083333333333333 0.25125 0.575
7 0.680625 0.30333333333333334 0.2075 0.31166666666666665
7 0.643125 0.20166666666666666 0.29625 0.2966666666666667