7 0.514375 0.395 0.37 0.5033333333333333
7 0.085625 0.5091666666666667 0.17125 0.515
5 0.76375 0.7158333333333333 0.25 0.5683333333333334
7 0.8425 0.7408333333333333 0.18 0.46
0 0.28875 0.4483333333333333 0.23625 0.32666666666666666
11 0.77375 0.9216666666666666 0.275 0.15666666666666668
10 0.47375 0.7841666666666667 0.47125 0.4266666666666667
10 0.14625 0.6458333333333334 0.2925 0.38166666666666665
10 0.42125 0.23333333333333334 0.1825 0.19333333333333333
1 0.45 0.13916666666666666 0.1775 0.16833333333333333
10 0.630625 0.29833333333333334 0.33125 0.25666666666666665
10 0.736875 0.24 0.22375 0.18166666666666667
10 0.839375 0.39916666666666667 0.1975 0.27166666666666667