0 0.706875 0.525 0.194375 0.2675
11 0.169375 0.8591666666666666 0.2475 0.14916666666666667
10 0.47625 0.8516666666666667 0.44625 0.22333333333333333
5 0.131875 0.595 0.20375 0.4675
10 0.16375 0.6625 0.139375 0.36
10 0.31125 0.19083333333333333 0.238125 0.12583333333333332
7 0.43375 0.4116666666666667 0.355625 0.3433333333333333
1 0.4375 0.3016666666666667 0.290625 0.22166666666666668
10 0.5825 0.31916666666666665 0.18375 0.19166666666666668
1 0.8925 0.67 0.159375 0.43083333333333335
10 0.840625 0.4666666666666667 0.08875 0.14166666666666666
4 0.40125 0.6533333333333333 0.393125 0.2658333333333333
7 0.689375 0.12333333333333334 0.076875 0.11333333333333333