10 0.75375 0.785 0.43375 0.2966666666666667
10 0.610625 0.115 0.135 0.12
10 0.175 0.2875 0.155 0.3433333333333333
8 0.301875 0.7 0.23625 0.525
11 0.161875 0.8758333333333334 0.26375 0.17166666666666666
0 0.71125 0.4825 0.2175 0.2916666666666667
7 0.9025 0.475 0.195 0.38
7 0.4625 0.36666666666666664 0.4275 0.28833333333333333
7 0.255 0.18416666666666667 0.13 0.31166666666666665
7 0.089375 0.57 0.17875 0.52
6 0.4825 0.5933333333333334 0.48375 0.335
4 0.4525 0.31583333333333335 0.28625 0.2816666666666667
4 0.476875 0.17333333333333334 0.2875 0.17833333333333334