10 0.47125 0.3258333333333333 0.33125 0.22166666666666668
10 0.6425 0.1625 0.1325 0.11083333333333334
10 0.884375 0.53 0.128125 0.2866666666666667
10 0.693125 0.69 0.380625 0.23166666666666666
10 0.48125 0.8216666666666667 0.40625 0.2683333333333333
11 0.170625 0.855 0.25125 0.14166666666666666
0 0.709375 0.5041666666666667 0.19625 0.23416666666666666
7 0.121875 0.4425 0.220625 0.4558333333333333
5 0.174375 0.6083333333333333 0.2725 0.43583333333333335
5 0.289375 0.6891666666666667 0.32125 0.37333333333333335
1 0.296875 0.205 0.199375 0.1625
1 0.7925 0.8016666666666666 0.323125 0.30833333333333335
7 0.67125 0.32916666666666666 0.110625 0.19666666666666666