11 0.169375 0.855 0.24375 0.15083333333333335
5 0.211875 0.6175 0.265625 0.45916666666666667
10 0.136875 0.6016666666666667 0.1725 0.37333333333333335
10 0.206875 0.2966666666666667 0.134375 0.265
6 0.533125 0.33666666666666667 0.34125 0.2733333333333333
10 0.450625 0.275 0.3025 0.15666666666666668
6 0.528125 0.5216666666666666 0.403125 0.22916666666666666
6 0.6 0.6925 0.316875 0.41833333333333333
6 0.7025 0.73 0.295 0.49666666666666665
6 0.88875 0.6375 0.2225 0.3725
6 0.900625 0.48083333333333333 0.19875 0.255
6 0.65375 0.25416666666666665 0.111875 0.3466666666666667