0 0.70875 0.5308333333333334 0.23625 0.31166666666666665
10 0.46375 0.37166666666666665 0.375 0.325
1 0.655 0.16083333333333333 0.2375 0.185
10 0.47875 0.7508333333333334 0.3075 0.49833333333333335
1 0.305625 0.6975 0.345 0.55
1 0.16 0.7325 0.2925 0.49166666666666664
1 0.083125 0.7058333333333333 0.16625 0.49833333333333335
1 0.210625 0.35833333333333334 0.275 0.35
10 0.243125 0.2 0.25375 0.145
1 0.16 0.3858333333333333 0.2 0.30333333333333334
10 0.901875 0.6466666666666666 0.19625 0.55
4 0.848125 0.8491666666666666 0.24625 0.24833333333333332
11 0.145 0.94 0.24 0.12