11 0.23125 0.9091666666666667 0.295 0.18166666666666667
7 0.465625 0.7533333333333333 0.5525 0.43666666666666665
6 0.528125 0.515 0.49 0.3933333333333333
6 0.754375 0.6466666666666666 0.29625 0.5783333333333334
6 0.893125 0.5575 0.21375 0.47833333333333333
6 0.881875 0.3 0.21875 0.265
6 0.559375 0.19916666666666666 0.33125 0.3983333333333333
6 0.51 0.3275 0.42 0.31166666666666665
5 0.27625 0.6616666666666666 0.3075 0.615
5 0.150625 0.6933333333333334 0.20625 0.5333333333333333
10 0.154375 0.6275 0.2425 0.49666666666666665