0 0.204375 0.61 0.2625 0.35
11 0.855 0.8375 0.29 0.22833333333333333
10 0.57375 0.6941666666666667 0.47375 0.32666666666666666
10 0.568125 0.5566666666666666 0.43875 0.4166666666666667
10 0.61375 0.12333333333333334 0.255 0.21
10 0.79125 0.5716666666666667 0.2775 0.55
10 0.838125 0.5266666666666666 0.26875 0.5616666666666666
1 0.0975 0.7775 0.19 0.445
1 0.438125 0.30916666666666665 0.45125 0.33
1 0.264375 0.19583333333333333 0.19125 0.18166666666666667
1 0.630625 0.345 0.36625 0.35333333333333333
5 0.613125 0.8508333333333333 0.49875 0.29833333333333334
1 0.219375 0.2791666666666667 0.16625 0.17666666666666667
1 0.03 0.5525 0.06 0.16833333333333333