0 0.72125 0.5683333333333334 0.2275 0.30666666666666664
1 0.84 0.645 0.23625 0.3883333333333333
10 0.781875 0.8275 0.32125 0.345
1 0.445625 0.8341666666666666 0.45 0.33
4 0.463125 0.5066666666666667 0.3075 0.5383333333333333
4 0.270625 0.5558333333333333 0.26375 0.5266666666666666
10 0.168125 0.5508333333333333 0.2075 0.43666666666666665
1 0.12625 0.5183333333333333 0.18 0.47833333333333333
10 0.29625 0.28833333333333333 0.255 0.19166666666666668
1 0.601875 0.30416666666666664 0.325 0.26
10 0.7075 0.19416666666666665 0.09 0.095
1 0.38875 0.2075 0.17125 0.24
11 0.136875 0.7891666666666667 0.26375 0.19833333333333333