11 0.886875 0.8183333333333334 0.22625 0.22333333333333333
0 0.274375 0.61 0.23625 0.33166666666666667
10 0.114375 0.6066666666666667 0.12875 0.22333333333333333
10 0.104375 0.8016666666666666 0.18875 0.39666666666666667
10 0.45625 0.6066666666666667 0.365 0.5716666666666667
10 0.4925 0.2966666666666667 0.34625 0.29833333333333334
10 0.67625 0.14166666666666666 0.2125 0.2
10 0.765625 0.2475 0.205 0.32166666666666666
10 0.75375 0.6008333333333333 0.44375 0.4766666666666667
7 0.361875 0.8916666666666667 0.56125 0.21666666666666667
7 0.288125 0.33666666666666667 0.17625 0.27166666666666667
4 0.88375 0.5033333333333333 0.215 0.41
10 0.295625 0.2 0.14 0.13