7 0.210625 0.5175 0.409375 0.31916666666666665
1 0.569375 0.31083333333333335 0.31375 0.2075
10 0.624375 0.1775 0.176875 0.10666666666666667
1 0.3525 0.2475 0.1475 0.23416666666666666
1 0.276875 0.315 0.169375 0.2833333333333333
1 0.138125 0.6033333333333334 0.118125 0.46416666666666667
10 0.24 0.6291666666666667 0.138125 0.44166666666666665
11 0.173125 0.8541666666666666 0.24125 0.14416666666666667
10 0.495 0.8358333333333333 0.4425 0.26
10 0.8175 0.7733333333333333 0.2625 0.32083333333333336
1 0.843125 0.5591666666666667 0.17875 0.3625
0 0.710625 0.5191666666666667 0.19375 0.2625