11 0.17125 0.8558333333333333 0.2375 0.14333333333333334
10 0.609375 0.5741666666666667 0.28125 0.415
7 0.819375 0.6983333333333334 0.36125 0.43833333333333335
10 0.91125 0.6433333333333333 0.125 0.4275
5 0.356875 0.7375 0.389375 0.35083333333333333
5 0.084375 0.595 0.14375 0.47
7 0.2025 0.5825 0.2575 0.5291666666666667
7 0.199375 0.3433333333333333 0.129375 0.3491666666666667
7 0.380625 0.41833333333333333 0.121875 0.4025
7 0.523125 0.22583333333333333 0.27375 0.24
4 0.285625 0.22083333333333333 0.14375 0.17
10 0.64 0.1375 0.125625 0.12583333333333332
0 0.7125 0.5166666666666667 0.19125 0.25083333333333335