11 0.17 0.8583333333333333 0.245 0.14333333333333334
10 0.639375 0.15416666666666667 0.1425 0.14333333333333334
7 0.700625 0.6158333333333333 0.3425 0.61
4 0.60875 0.6983333333333334 0.24 0.5033333333333333
7 0.316875 0.4191666666666667 0.27125 0.45166666666666666
4 0.255625 0.21916666666666668 0.12375 0.18333333333333332
4 0.929375 0.6758333333333333 0.14125 0.4216666666666667
7 0.8675 0.5366666666666666 0.205 0.31833333333333336
7 0.515 0.34833333333333333 0.3275 0.31666666666666665
5 0.3075 0.6633333333333333 0.2575 0.4766666666666667
5 0.165625 0.5841666666666666 0.1475 0.5833333333333334
5 0.074375 0.6016666666666667 0.12875 0.495
0 0.71875 0.5158333333333334 0.18375 0.25333333333333335