10 0.25375 0.7925 0.34375 0.3383333333333333
10 0.49375 0.7016666666666667 0.3775 0.2633333333333333
10 0.613125 0.8675 0.41625 0.20666666666666667
10 0.5075 0.38333333333333336 0.2725 0.25666666666666665
10 0.33125 0.21833333333333332 0.185 0.18833333333333332
10 0.25375 0.4583333333333333 0.225 0.385
10 0.1625 0.43416666666666665 0.17875 0.425
4 0.618125 0.27666666666666667 0.17375 0.23
10 0.621875 0.15 0.1525 0.115
0 0.70875 0.5075 0.2075 0.265
7 0.81125 0.6983333333333334 0.3775 0.43
7 0.92625 0.5641666666666667 0.1475 0.42833333333333334
11 0.1625 0.8641666666666666 0.25875 0.15333333333333332