0 0.70875 0.5591666666666667 0.22125 0.295
11 0.134375 0.7808333333333334 0.2625 0.19666666666666666
1 0.365 0.7783333333333333 0.4125 0.39
1 0.12 0.5358333333333334 0.19625 0.435
10 0.278125 0.2475 0.25375 0.2833333333333333
10 0.3325 0.13666666666666666 0.21125 0.16666666666666666
10 0.2 0.49666666666666665 0.21375 0.45
10 0.400625 0.49166666666666664 0.2425 0.5
10 0.55375 0.41583333333333333 0.285 0.3983333333333333
10 0.6425 0.7616666666666667 0.3275 0.4633333333333333
10 0.864375 0.77 0.21375 0.44166666666666665
10 0.895625 0.5783333333333334 0.1625 0.22
6 0.626875 0.32 0.25 0.37833333333333335
10 0.6825 0.1925 0.1175 0.115