0 0.265 0.45916666666666667 0.235 0.32166666666666666
11 0.786875 0.9133333333333333 0.29375 0.17333333333333334
10 0.619375 0.4608333333333333 0.26 0.49166666666666664
10 0.405625 0.31166666666666665 0.27 0.23
10 0.48375 0.22666666666666666 0.3425 0.25666666666666665
10 0.403125 0.09416666666666666 0.15375 0.13333333333333333
10 0.7225 0.20916666666666667 0.2275 0.20666666666666667
10 0.83 0.33916666666666667 0.175 0.33
10 0.891875 0.7058333333333333 0.14625 0.4033333333333333
5 0.8 0.6933333333333334 0.2425 0.56
6 0.12625 0.6058333333333333 0.2525 0.5083333333333333
7 0.088125 0.4666666666666667 0.17625 0.42
4 0.49 0.8391666666666666 0.4475 0.32166666666666666