1 0.549375 0.49 0.23375 0.335
0 0.714375 0.5058333333333334 0.18375 0.23333333333333334
11 0.17125 0.8533333333333334 0.24375 0.14166666666666666
10 0.409375 0.27666666666666667 0.323125 0.18166666666666667
10 0.320625 0.39666666666666667 0.33375 0.2425
10 0.83625 0.7291666666666666 0.276875 0.29583333333333334
10 0.180625 0.6133333333333333 0.17 0.40166666666666667
5 0.3275 0.7241666666666666 0.329375 0.365
6 0.886875 0.5841666666666666 0.22625 0.30833333333333335
7 0.28625 0.14833333333333334 0.19375 0.18083333333333335
7 0.533125 0.7458333333333333 0.366875 0.42833333333333334
7 0.653125 0.2783333333333333 0.165 0.2
7 0.67875 0.11416666666666667 0.121875 0.1775
7 0.93125 0.4008333333333333 0.095625 0.1775