0 0.70125 0.5058333333333334 0.196875 0.2575
11 0.17125 0.8558333333333333 0.250625 0.14666666666666667
10 0.116875 0.6091666666666666 0.125625 0.425
6 0.6375 0.7166666666666667 0.264375 0.5075
6 0.845625 0.6925 0.220625 0.4116666666666667
6 0.879375 0.6125 0.24125 0.3408333333333333
6 0.5275 0.4483333333333333 0.34875 0.2775
6 0.576875 0.26416666666666666 0.258125 0.30416666666666664
7 0.653125 0.15166666666666667 0.15125 0.23416666666666666
7 0.27625 0.17666666666666667 0.21375 0.18333333333333332
7 0.30125 0.6 0.1525 0.6758333333333333
5 0.180625 0.6475 0.173125 0.4666666666666667