11 0.169375 0.8566666666666667 0.24125 0.145
0 0.7125 0.5216666666666666 0.18875 0.2758333333333333
7 0.35 0.7916666666666666 0.43 0.2975
6 0.54 0.6183333333333333 0.345 0.3441666666666667
6 0.665625 0.73 0.206875 0.47833333333333333
6 0.866875 0.675 0.26625 0.3883333333333333
6 0.8775 0.5641666666666667 0.245 0.28833333333333333
7 0.43875 0.395 0.21375 0.4058333333333333
7 0.558125 0.30666666666666664 0.2325 0.3641666666666667
5 0.173125 0.61 0.285 0.43916666666666665
10 0.19625 0.345 0.204375 0.29083333333333333
10 0.305625 0.18333333333333332 0.22125 0.13166666666666665