9 0.876875 0.6841666666666667 0.21 0.45666666666666667
9 0.8 0.7308333333333333 0.19625 0.435
10 0.4975 0.7925 0.43375 0.3333333333333333
10 0.204375 0.3175 0.16375 0.34
10 0.209375 0.505 0.2625 0.28
10 0.895 0.4583333333333333 0.09375 0.13666666666666666
5 0.234375 0.6291666666666667 0.16875 0.5666666666666667
6 0.511875 0.5175 0.45125 0.27
7 0.5575 0.2525 0.31125 0.33166666666666667
7 0.693125 0.12333333333333334 0.09125 0.18
4 0.363125 0.2683333333333333 0.165 0.22
0 0.721875 0.515 0.1975 0.27
11 0.165625 0.8466666666666667 0.24875 0.15