10 0.695 0.205 0.24375 0.18833333333333332
10 0.590625 0.27 0.33875 0.19666666666666666
10 0.371875 0.25583333333333336 0.2575 0.24
10 0.3425 0.12333333333333334 0.14875 0.11166666666666666
6 0.12625 0.6116666666666667 0.2525 0.4
10 0.07 0.46166666666666667 0.14 0.22666666666666666
10 0.80875 0.625 0.19125 0.485
10 0.745625 0.6458333333333334 0.2325 0.4683333333333333
8 0.651875 0.6775 0.3125 0.6
11 0.800625 0.9033333333333333 0.265 0.17666666666666667
0 0.254375 0.5 0.21625 0.2916666666666667
10 0.173125 0.7875 0.34625 0.325
4 0.423125 0.82 0.42 0.3433333333333333
4 0.504375 0.6908333333333333 0.3975 0.355