4 0.25 0.18916666666666668 0.175 0.21166666666666667
7 0.810625 0.815 0.35875 0.3516666666666667
4 0.915625 0.7666666666666667 0.165 0.44666666666666666
5 0.043125 0.5666666666666667 0.08625 0.53
5 0.176875 0.6041666666666666 0.25875 0.595
7 0.1075 0.4708333333333333 0.2125 0.6033333333333334
7 0.503125 0.21583333333333332 0.3325 0.28833333333333333
7 0.38 0.6558333333333334 0.31875 0.6733333333333333
7 0.285 0.6175 0.28625 0.635
10 0.565 0.6325 0.20125 0.57
11 0.11375 0.86 0.2275 0.18333333333333332
0 0.7075 0.5566666666666666 0.215 0.28833333333333333
7 0.9 0.4691666666666667 0.13875 0.16333333333333333
10 0.66625 0.185 0.15 0.15166666666666667