11 0.173125 0.855 0.241875 0.14666666666666667
10 0.51625 0.8716666666666667 0.445 0.18916666666666668
10 0.314375 0.7025 0.350625 0.2791666666666667
10 0.293125 0.19666666666666666 0.2075 0.15083333333333335
10 0.361875 0.3466666666666667 0.305 0.1775
10 0.7125 0.7141666666666666 0.36875 0.31666666666666665
10 0.915 0.675 0.118125 0.42083333333333334
10 0.654375 0.18166666666666667 0.13625 0.1275
8 0.19375 0.6325 0.221875 0.4583333333333333
10 0.7625 0.3825 0.2375 0.335
7 0.58875 0.36833333333333335 0.125625 0.3775
0 0.71125 0.5108333333333334 0.186875 0.24
7 0.13625 0.41583333333333333 0.153125 0.4175