11 0.82875 0.9325 0.2925 0.135
10 0.763125 0.8516666666666667 0.40375 0.2966666666666667
10 0.8 0.2941666666666667 0.165 0.3433333333333333
7 0.695625 0.37916666666666665 0.34875 0.325
7 0.455 0.24083333333333334 0.435 0.31
7 0.31875 0.1225 0.155 0.245
7 0.485625 0.4575 0.49375 0.385
6 0.429375 0.7125 0.46625 0.56
6 0.29125 0.735 0.315 0.515
6 0.10125 0.59 0.2025 0.26
10 0.1125 0.7116666666666667 0.225 0.3566666666666667
0 0.210625 0.49083333333333334 0.24125 0.29833333333333334
6 0.083125 0.41583333333333333 0.16625 0.20833333333333334