4 0.460625 0.5616666666666666 0.5575 0.5316666666666666
0 0.67125 0.42333333333333334 0.25125 0.33666666666666667
10 0.821875 0.46166666666666667 0.23125 0.44166666666666665
10 0.78625 0.7033333333333334 0.36125 0.44166666666666665
10 0.35 0.7833333333333333 0.515 0.4166666666666667
10 0.239375 0.4683333333333333 0.37 0.415
10 0.09125 0.6225 0.1825 0.5183333333333333
1 0.034375 0.5908333333333333 0.06875 0.5516666666666666
11 0.11 0.8858333333333334 0.1825 0.19333333333333333
10 0.145 0.2425 0.27625 0.2683333333333333
1 0.20625 0.15333333333333332 0.185 0.26
1 0.461875 0.185 0.37 0.33
10 0.5825 0.028333333333333332 0.1175 0.056666666666666664