10 0.415625 0.63 0.4325 0.5016666666666667
0 0.3125 0.5683333333333334 0.24625 0.3233333333333333
11 0.909375 0.75 0.18125 0.21666666666666667
10 0.423125 0.8683333333333333 0.45625 0.2633333333333333
10 0.124375 0.565 0.15375 0.23
10 0.716875 0.15166666666666667 0.27125 0.30333333333333334
10 0.546875 0.215 0.34375 0.26
10 0.485 0.3641666666666667 0.40375 0.295
7 0.345 0.22666666666666666 0.2425 0.29333333333333333
7 0.586875 0.7608333333333334 0.56375 0.47833333333333333
6 0.1775 0.7183333333333334 0.33625 0.36
5 0.778125 0.5125 0.355 0.725
5 0.88625 0.4891666666666667 0.2275 0.635
5 0.939375 0.47 0.12125 0.5466666666666666