5 0.269375 0.6166666666666667 0.2075 0.55
7 0.095 0.5566666666666666 0.14625 0.495
7 0.368125 0.29583333333333334 0.235625 0.3225
4 0.1925 0.2425 0.151875 0.22416666666666665
1 0.553125 0.2991666666666667 0.24375 0.2975
1 0.605 0.3933333333333333 0.223125 0.2841666666666667
1 0.809375 0.7866666666666666 0.3325 0.32666666666666666
1 0.43625 0.8066666666666666 0.410625 0.2866666666666667
1 0.448125 0.5883333333333334 0.410625 0.23666666666666666
0 0.7125 0.5166666666666667 0.188125 0.2575
11 0.168125 0.8558333333333333 0.225 0.13583333333333333
10 0.885 0.5258333333333334 0.125 0.27166666666666667
10 0.186875 0.6033333333333334 0.141875 0.42