5 0.15375 0.5425 0.2975 0.6083333333333333
5 0.08875 0.4683333333333333 0.1775 0.5733333333333334
7 0.30125 0.12416666666666666 0.26 0.24833333333333332
11 0.10875 0.7383333333333333 0.2175 0.23
10 0.459375 0.3616666666666667 0.365 0.48333333333333334
10 0.66875 0.3016666666666667 0.1725 0.27166666666666667
10 0.47 0.5241666666666667 0.40375 0.5383333333333333
10 0.519375 0.8516666666666667 0.45125 0.2966666666666667
10 0.62375 0.71 0.48125 0.405
7 0.275625 0.6183333333333333 0.38625 0.6716666666666666
0 0.6925 0.5741666666666667 0.24875 0.33666666666666667
1 0.815625 0.765 0.23625 0.47