10 0.511875 0.8433333333333334 0.44 0.2375
4 0.94125 0.63 0.1175 0.4608333333333333
10 0.89 0.5716666666666667 0.130625 0.37666666666666665
11 0.17125 0.855 0.245 0.14416666666666667
0 0.708125 0.505 0.1975 0.23166666666666666
4 0.19875 0.23166666666666666 0.14 0.18416666666666667
7 0.3175 0.15083333333333335 0.194375 0.2125
7 0.50375 0.24916666666666668 0.290625 0.31583333333333335
7 0.783125 0.705 0.33375 0.25333333333333335
7 0.291875 0.6775 0.431875 0.36916666666666664
7 0.091875 0.5366666666666666 0.14375 0.4816666666666667
5 0.175625 0.5866666666666667 0.21875 0.5483333333333333
7 0.67875 0.2625 0.084375 0.15416666666666667