11 0.173125 0.8541666666666666 0.245625 0.14333333333333334
10 0.286875 0.6 0.27 0.4691666666666667
10 0.518125 0.8133333333333334 0.395625 0.305
10 0.889375 0.5358333333333334 0.10625 0.285
10 0.290625 0.18083333333333335 0.194375 0.14
10 0.196875 0.2975 0.086875 0.2125
7 0.278125 0.26916666666666667 0.128125 0.2866666666666667
7 0.820625 0.6208333333333333 0.313125 0.2675
4 0.21125 0.4425 0.21 0.305
0 0.714375 0.5133333333333333 0.195 0.24583333333333332
7 0.64375 0.1925 0.105625 0.17
4 0.843125 0.7825 0.274375 0.21083333333333334