5 0.63875 0.7158333333333333 0.4375 0.5416666666666666
7 0.49125 0.2991666666666667 0.41 0.3933333333333333
7 0.68375 0.3541666666666667 0.36375 0.6
0 0.25625 0.43416666666666665 0.2675 0.35333333333333333
11 0.801875 0.9225 0.28875 0.155
4 0.8475 0.7366666666666667 0.29625 0.415
4 0.851875 0.49666666666666665 0.18 0.3416666666666667
10 0.74125 0.1675 0.2975 0.19833333333333333
10 0.791875 0.3466666666666667 0.22 0.2966666666666667
10 0.589375 0.21833333333333332 0.3475 0.23
1 0.076875 0.5191666666666667 0.15375 0.5116666666666667
1 0.23875 0.7133333333333334 0.47625 0.4716666666666667