4 0.91625 0.2791666666666667 0.1525 0.2733333333333333
4 0.083125 0.5575 0.16625 0.525
5 0.875625 0.6591666666666667 0.24875 0.6483333333333333
5 0.95625 0.6858333333333333 0.0875 0.5516666666666666
7 0.76375 0.3275 0.22125 0.49666666666666665
7 0.57875 0.24583333333333332 0.38 0.49166666666666664
7 0.415625 0.22916666666666666 0.22875 0.32666666666666666
7 0.221875 0.6483333333333333 0.44375 0.39
7 0.156875 0.435 0.18375 0.38333333333333336
7 0.731875 0.7408333333333333 0.52875 0.5183333333333333
10 0.503125 0.8433333333333334 0.52875 0.31333333333333335
11 0.84375 0.93 0.2275 0.14
0 0.324375 0.44916666666666666 0.24625 0.2966666666666667