4 0.566875 0.8741666666666666 0.465625 0.18583333333333332
5 0.17 0.6125 0.1475 0.5108333333333334
7 0.494375 0.54 0.24375 0.5208333333333334
7 0.21375 0.23916666666666667 0.1275 0.26166666666666666
10 0.49375 0.38666666666666666 0.30875 0.23833333333333334
10 0.55 0.30416666666666664 0.286875 0.20583333333333334
10 0.60875 0.18083333333333335 0.146875 0.13
10 0.81875 0.6233333333333333 0.13625 0.4066666666666667
10 0.219375 0.7358333333333333 0.30375 0.195
11 0.170625 0.8566666666666667 0.24625 0.15083333333333335
0 0.70875 0.52 0.195 0.25833333333333336
1 0.879375 0.695 0.163125 0.3958333333333333