7 0.635625 0.5933333333333334 0.35 0.4683333333333333
0 0.716875 0.5175 0.18125 0.2625
6 0.87125 0.65 0.256875 0.3016666666666667
7 0.53375 0.13333333333333333 0.26375 0.19666666666666666
7 0.376875 0.3283333333333333 0.130625 0.31083333333333335
7 0.2875 0.23 0.14375 0.2708333333333333
10 0.818125 0.855 0.328125 0.18083333333333335
10 0.895625 0.5708333333333333 0.125625 0.36333333333333334
10 0.634375 0.3441666666666667 0.141875 0.20083333333333334
10 0.216875 0.305 0.16375 0.2375
10 0.256875 0.6275 0.176875 0.45166666666666666
10 0.66125 0.14833333333333334 0.088125 0.12166666666666667
4 0.1275 0.5125 0.185 0.37666666666666665
11 0.170625 0.8541666666666666 0.240625 0.14333333333333334