10 0.2725 0.2025 0.2575 0.24833333333333332
10 0.665625 0.06833333333333333 0.15125 0.13666666666666666
10 0.579375 0.3275 0.39375 0.265
10 0.53125 0.8608333333333333 0.5425 0.2783333333333333
10 0.551875 0.6025 0.4375 0.5433333333333333
10 0.92375 0.58 0.1525 0.5633333333333334
11 0.24125 0.9275 0.29 0.145
5 0.12 0.7266666666666667 0.24 0.5466666666666666
5 0.8675 0.4266666666666667 0.265 0.42333333333333334
4 0.790625 0.6966666666666667 0.41875 0.44666666666666666
1 0.265625 0.6758333333333333 0.2975 0.5683333333333334
0 0.795625 0.42833333333333334 0.26375 0.345