0 0.330625 0.5233333333333333 0.23 0.31
1 0.66375 0.4041666666666667 0.45625 0.29833333333333334
1 0.7375 0.6083333333333333 0.45625 0.32
7 0.874375 0.6866666666666666 0.25125 0.44
8 0.971875 0.6908333333333333 0.05625 0.4816666666666667
10 0.244375 0.8675 0.46625 0.2633333333333333
10 0.114375 0.49 0.13625 0.295
10 0.4175 0.11666666666666667 0.15125 0.15166666666666667
10 0.58375 0.23916666666666667 0.375 0.20333333333333334
10 0.8325 0.17083333333333334 0.22875 0.20833333333333334
11 0.905 0.9275 0.18 0.145