10 0.241875 0.5583333333333333 0.395 0.18666666666666668
10 0.33375 0.2225 0.18375 0.305
11 0.124375 0.8833333333333333 0.24875 0.17
3 0.7175 0.7358333333333333 0.29 0.5283333333333333
0 0.730625 0.5158333333333334 0.24375 0.2916666666666667
1 0.15 0.385 0.23375 0.38
3 0.890625 0.6283333333333333 0.21875 0.36333333333333334
6 0.560625 0.2966666666666667 0.32125 0.40166666666666667
6 0.67125 0.2125 0.1375 0.41833333333333333
7 0.23 0.7283333333333334 0.38125 0.24833333333333332
6 0.57375 0.7 0.31875 0.5383333333333333