10 0.26625 0.6108333333333333 0.3875 0.23666666666666666
10 0.315 0.2775 0.2 0.315
11 0.178125 0.9216666666666666 0.27625 0.15666666666666668
3 0.735625 0.6933333333333334 0.32 0.5566666666666666
0 0.720625 0.47583333333333333 0.255 0.31166666666666665
1 0.16 0.4666666666666667 0.25375 0.3933333333333333
3 0.883125 0.5475 0.23375 0.37833333333333335
6 0.5375 0.3016666666666667 0.3375 0.4266666666666667
6 0.630625 0.20333333333333334 0.16625 0.4066666666666667
7 0.27375 0.7733333333333333 0.38 0.2916666666666667
6 0.59375 0.6791666666666667 0.34625 0.5566666666666666