11 0.171875 0.8616666666666667 0.23875 0.14083333333333334
10 0.370625 0.8341666666666666 0.36875 0.2608333333333333
10 0.775 0.8283333333333334 0.410625 0.24666666666666667
10 0.6475 0.19166666666666668 0.13 0.13833333333333334
10 0.473125 0.2775 0.305625 0.14416666666666667
8 0.13125 0.6508333333333334 0.125 0.4175
7 0.193125 0.2725 0.141875 0.32166666666666666
4 0.225 0.49333333333333335 0.18375 0.4091666666666667
10 0.3025 0.20166666666666666 0.168125 0.13916666666666666
1 0.860625 0.5283333333333333 0.145 0.28
1 0.454375 0.42083333333333334 0.343125 0.2475
0 0.705625 0.5233333333333333 0.195 0.25583333333333336