1 0.265 0.38666666666666666 0.209375 0.27166666666666667
0 0.710625 0.5183333333333333 0.18125 0.2608333333333333
11 0.169375 0.8616666666666667 0.2425 0.13916666666666666
10 0.15375 0.6366666666666667 0.13125 0.4058333333333333
10 0.3025 0.2783333333333333 0.111875 0.28583333333333333
7 0.28375 0.1925 0.200625 0.21583333333333332
6 0.6375 0.24083333333333334 0.125625 0.3641666666666667
6 0.50875 0.4 0.371875 0.2375
6 0.834375 0.7075 0.33125 0.375
6 0.879375 0.5866666666666667 0.24125 0.31
6 0.525625 0.6066666666666667 0.39 0.31333333333333335