11 0.158125 0.8383333333333334 0.24375 0.15666666666666668
10 0.3575 0.825 0.37875 0.2866666666666667
10 0.761875 0.8466666666666667 0.42 0.275
10 0.659375 0.2025 0.135 0.14666666666666667
10 0.481875 0.2758333333333333 0.31125 0.165
8 0.125625 0.625 0.14125 0.425
7 0.2025 0.25166666666666665 0.15375 0.33166666666666667
4 0.225625 0.4741666666666667 0.2 0.4216666666666667
10 0.314375 0.18833333333333332 0.17375 0.15
1 0.85875 0.5533333333333333 0.15625 0.29
1 0.4575 0.4175 0.3525 0.27166666666666667
0 0.704375 0.5375 0.205 0.2683333333333333