6 0.0975 0.4741666666666667 0.195 0.27166666666666667
6 0.11625 0.6658333333333334 0.22375 0.45
6 0.49 0.5641666666666667 0.445 0.31
7 0.356875 0.21 0.12375 0.37166666666666665
7 0.49375 0.3283333333333333 0.3925 0.255
7 0.34625 0.7016666666666667 0.43125 0.4116666666666667
0 0.274375 0.5008333333333334 0.1775 0.255
11 0.82875 0.8766666666666667 0.25 0.14833333333333334
10 0.841875 0.6375 0.1425 0.44333333333333336
10 0.77125 0.385 0.1625 0.2833333333333333
10 0.685 0.23583333333333334 0.15125 0.2683333333333333