0 0.294375 0.5125 0.26625 0.3566666666666667
1 0.589375 0.29333333333333333 0.47875 0.4066666666666667
1 0.695625 0.46416666666666667 0.4825 0.4266666666666667
7 0.84375 0.4891666666666667 0.3125 0.5016666666666667
8 0.935 0.46166666666666667 0.13 0.4866666666666667
10 0.280625 0.8383333333333334 0.48125 0.3233333333333333
10 0.084375 0.55 0.16875 0.31666666666666665
10 0.306875 0.11 0.16375 0.16333333333333333
10 0.484375 0.1625 0.3875 0.295
10 0.70875 0.07416666666666667 0.2475 0.14833333333333334
11 0.908125 0.7191666666666666 0.18375 0.22166666666666668