1 0.18875 0.41833333333333333 0.191875 0.3358333333333333
0 0.713125 0.5308333333333334 0.179375 0.24666666666666667
4 0.8525 0.6466666666666666 0.245 0.2575
3 0.63625 0.31416666666666665 0.138125 0.2625
3 0.631875 0.6758333333333333 0.1975 0.47833333333333333
7 0.48125 0.3475 0.374375 0.22666666666666666
7 0.52 0.615 0.3325 0.5275
7 0.648125 0.1575 0.12375 0.15083333333333335
7 0.309375 0.20666666666666667 0.2275 0.18916666666666668
10 0.270625 0.5783333333333334 0.319375 0.2758333333333333
11 0.1725 0.8625 0.239375 0.13833333333333334