11 0.16 0.9033333333333333 0.265 0.19333333333333333
10 0.300625 0.19 0.19125 0.335
10 0.12625 0.49583333333333335 0.2525 0.575
3 0.890625 0.5008333333333334 0.21875 0.39166666666666666
3 0.71375 0.6483333333333333 0.3275 0.6183333333333333
6 0.636875 0.15916666666666668 0.17625 0.31833333333333336
6 0.52125 0.26416666666666666 0.42125 0.4033333333333333
6 0.54625 0.625 0.46375 0.6366666666666667
0 0.731875 0.39 0.245 0.30666666666666664
1 0.2825 0.5825 0.41875 0.4533333333333333
1 0.12 0.3233333333333333 0.22 0.28