11 0.7875 0.9341666666666667 0.265 0.13166666666666665
10 0.590625 0.8516666666666667 0.41625 0.2966666666666667
10 0.204375 0.7658333333333334 0.40875 0.36833333333333335
10 0.414375 0.15666666666666668 0.155 0.17833333333333334
10 0.576875 0.2941666666666667 0.33375 0.235
8 0.863125 0.7708333333333334 0.19375 0.4583333333333333
7 0.861875 0.37 0.19625 0.36833333333333335
4 0.79375 0.585 0.2525 0.4683333333333333
10 0.761875 0.26666666666666666 0.19375 0.19
1 0.143125 0.43833333333333335 0.1925 0.32666666666666666
1 0.5725 0.44583333333333336 0.3875 0.35
0 0.301875 0.4775 0.23875 0.31666666666666665