6 0.895625 0.4875 0.208125 0.2575
6 0.86375 0.6725 0.21125 0.43083333333333335
6 0.503125 0.565 0.4275 0.29
7 0.636875 0.225 0.115625 0.35833333333333334
7 0.5025 0.33666666666666667 0.376875 0.23916666666666667
7 0.640625 0.7016666666666667 0.413125 0.38916666666666666
0 0.713125 0.5083333333333333 0.168125 0.2425
11 0.170625 0.86 0.24125 0.13833333333333334
10 0.160625 0.6283333333333333 0.131875 0.4275
10 0.231875 0.385 0.155 0.2708333333333333
10 0.31875 0.24333333333333335 0.14375 0.25583333333333336