1 0.295 0.545 0.33 0.35833333333333334
1 0.20625 0.4116666666666667 0.18875 0.315
3 0.673125 0.7258333333333333 0.235625 0.475
0 0.704375 0.5175 0.1925 0.24833333333333332
11 0.173125 0.8616666666666667 0.24 0.13833333333333334
10 0.35125 0.27166666666666667 0.140625 0.26666666666666666
7 0.12625 0.6191666666666666 0.20875 0.41833333333333333
6 0.659375 0.23333333333333334 0.12625 0.3383333333333333
6 0.536875 0.3725 0.33125 0.305
6 0.5525 0.6625 0.319375 0.41833333333333333
3 0.8675 0.6166666666666667 0.215625 0.32416666666666666