1 0.13875 0.4 0.2775 0.39
0 0.66625 0.3825 0.26375 0.36833333333333335
11 0.168125 0.9275 0.21125 0.145
10 0.08625 0.7208333333333333 0.1725 0.49833333333333335
10 0.149375 0.2683333333333333 0.1875 0.35833333333333334
7 0.1225 0.20666666666666667 0.245 0.25333333333333335
6 0.5325 0.16166666666666665 0.2025 0.3233333333333333
6 0.410625 0.3233333333333333 0.47625 0.41333333333333333
6 0.809375 0.555 0.38125 0.5466666666666666
6 0.851875 0.4008333333333333 0.29625 0.43833333333333335
6 0.47375 0.5533333333333333 0.5125 0.5066666666666667