0 0.70625 0.5233333333333333 0.189375 0.255
1 0.429375 0.41583333333333333 0.37875 0.24
1 0.365625 0.5858333333333333 0.3775 0.25833333333333336
7 0.22375 0.6491666666666667 0.256875 0.3641666666666667
8 0.114375 0.6508333333333334 0.15 0.40166666666666667
10 0.775 0.8266666666666667 0.386875 0.24
10 0.888125 0.49916666666666665 0.11 0.24416666666666667
10 0.63875 0.18083333333333335 0.125 0.12416666666666666
10 0.498125 0.28 0.31125 0.1625
10 0.290625 0.21833333333333332 0.188125 0.17
11 0.17125 0.8608333333333333 0.249375 0.1375