1 0.680625 0.4791666666666667 0.38375 0.42333333333333334
1 0.776875 0.3233333333333333 0.2225 0.36666666666666664
3 0.2575 0.7041666666666667 0.28125 0.55
0 0.21625 0.47 0.225 0.2916666666666667
11 0.82875 0.8325 0.27625 0.17
10 0.60875 0.1725 0.1675 0.31
7 0.874375 0.5541666666666667 0.24875 0.48333333333333334
6 0.259375 0.17416666666666666 0.15125 0.33166666666666667
6 0.401875 0.2966666666666667 0.38375 0.3616666666666667
6 0.393125 0.6258333333333334 0.37375 0.49
3 0.080625 0.5891666666666666 0.16125 0.375